     0/199        0G   0.07029   0.03501   0.02167     0.127        20       224         0         0  0.007675  0.001978   0.05607   0.01619   0.01671
     1/199        0G   0.06955    0.0341   0.02172    0.1254        17       224         0         0  0.008191  0.001902   0.05622   0.01608   0.01671
     2/199        0G   0.06877   0.03557   0.02158    0.1259        22       224         0         0  0.008508  0.002142   0.05528   0.01622   0.01666
     3/199        0G   0.06729   0.03529   0.02151    0.1241        26       224         0         0  0.009232  0.002355   0.05391   0.01662   0.01663
     4/199        0G   0.06659   0.03865   0.02143    0.1267        28       224         0         0   0.01114  0.002145   0.05216   0.01709   0.01662
     5/199        0G   0.06456    0.0402   0.02119    0.1259        36       224         0         0   0.01233  0.002885   0.05005   0.01761   0.01647
     6/199        0G   0.06282    0.0412   0.02142    0.1254        16       224         0         0   0.01651  0.003908   0.04786   0.01798   0.01642
     7/199        0G   0.06174   0.04078   0.02102    0.1235        40       224         0         0   0.02098   0.00426   0.04631   0.01835   0.01634
     8/199        0G   0.05982   0.04474   0.02088    0.1254        35       224         0         0   0.02717  0.005513   0.04374   0.01851   0.01635
     9/199        0G   0.05876   0.04551   0.02078     0.125        36       224         0         0   0.03314  0.007727   0.04235   0.01847   0.01637
    10/199        0G   0.05732   0.04609   0.02077    0.1242        42       224         0         0   0.04445   0.01143   0.04079   0.01842   0.01619
    11/199        0G   0.05572   0.04612   0.02055    0.1224        36       224         0         0   0.05834   0.01482   0.03887    0.0183   0.01614
    12/199        0G   0.05375   0.04326   0.02048    0.1175        16       224   0.07107   0.01772   0.05961   0.01445   0.03786   0.01786   0.01603
    13/199        0G   0.05248   0.04437   0.02029    0.1171        26       224   0.06757   0.05919   0.07289   0.02225   0.03673   0.01746   0.01601
    14/199        0G   0.05141   0.04182   0.02037    0.1136        25       224   0.09141    0.1576   0.09029   0.02812   0.03525   0.01741    0.0159
    15/199        0G   0.04993   0.04499   0.02021    0.1151        34       224   0.08798    0.2654    0.1056    0.0335   0.03407   0.01735   0.01574
    16/199        0G   0.04864   0.04262      0.02    0.1113        23       224   0.07838    0.2997    0.1105   0.03788   0.03271   0.01726    0.0157
    17/199        0G   0.04673   0.04058   0.01979    0.1071        25       224   0.07323    0.3129    0.1335   0.05185   0.03093    0.0171   0.01547
    18/199        0G   0.04594   0.04407   0.01984    0.1098        39       224   0.08483    0.3365    0.1443   0.05184   0.03083   0.01672    0.0156
    19/199        0G   0.04382   0.04134   0.01961    0.1048        22       224   0.09918    0.4013    0.1688   0.06939   0.02978   0.01646   0.01536
    20/199        0G   0.04268   0.04217   0.01949    0.1043        42       224    0.1145    0.4137    0.1954   0.08595   0.02819   0.01598   0.01532
    21/199        0G   0.04107   0.04249   0.01934    0.1029        38       224    0.1203    0.4259    0.1982   0.09139   0.02735   0.01569   0.01531
    22/199        0G   0.03949   0.03983   0.01927   0.09859        31       224    0.1304     0.431    0.2251    0.1083   0.02585   0.01524   0.01526
    23/199        0G   0.03884   0.04181   0.01912   0.09977        19       224    0.1456    0.4401    0.2267    0.1118    0.0252     0.015   0.01493
    24/199        0G    0.0381   0.04247   0.01885   0.09942        36       224    0.1728    0.4933    0.2488    0.1219   0.02453   0.01484   0.01475
    25/199        0G   0.03694   0.04128   0.01885   0.09707        28       224    0.1704    0.4826    0.2478    0.1163   0.02448    0.0146   0.01459
    26/199        0G   0.03647   0.03959   0.01863   0.09469        24       224    0.2031    0.4401     0.251    0.1316   0.02328    0.0145   0.01457
    27/199        0G   0.03498   0.04245   0.01863   0.09606        22       224    0.1827    0.5447    0.2944    0.1564    0.0221   0.01432   0.01455
    28/199        0G   0.03452   0.04202   0.01851   0.09506        21       224    0.2331    0.5776    0.3003    0.1608   0.02159   0.01407   0.01431
    29/199        0G   0.03602   0.04232   0.01844   0.09678        35       224     0.269     0.581    0.3427    0.1826   0.02112   0.01391   0.01434
    30/199        0G   0.03445    0.0415    0.0185   0.09446        18       224     0.313    0.5496    0.3773    0.2094   0.02016   0.01377   0.01421
    31/199        0G   0.03318   0.04132   0.01833   0.09282        30       224    0.2528    0.5838    0.3651    0.1716   0.02062    0.0136    0.0142
    32/199        0G   0.03315   0.04012   0.01828   0.09156        28       224    0.2357     0.632    0.3795    0.1955   0.02196   0.01363   0.01427
    33/199        0G   0.03312     0.039   0.01827   0.09039        37       224    0.2763    0.5823    0.3973    0.2308   0.01937   0.01343   0.01403
    34/199        0G   0.03353   0.03731   0.01829   0.08914        19       224     0.231    0.5966    0.3816    0.1436   0.02783   0.01339   0.01418
    35/199        0G   0.03524   0.03975   0.01799   0.09298        17       224    0.3422    0.5755    0.4503    0.2402   0.02008   0.01332   0.01415
    36/199        0G   0.03516   0.04104   0.01795   0.09415        40       224    0.3215    0.5878     0.431    0.2302   0.01878   0.01307   0.01407
    37/199        0G   0.03279   0.04042   0.01792   0.09113        39       224    0.2878     0.664    0.4693    0.2855   0.01799   0.01316   0.01403
    38/199        0G    0.0319   0.03993   0.01809   0.08991        45       224    0.3492    0.6879    0.4769    0.2917   0.01756   0.01277   0.01392
    39/199        0G   0.03318   0.04019   0.01804    0.0914        25       224     0.325    0.5493    0.4346    0.2222   0.02037   0.01288    0.0141
    40/199        0G   0.03247    0.0377   0.01793   0.08811        26       224    0.3961    0.6347    0.4809    0.2384   0.02105   0.01296    0.0139
    41/199        0G   0.03219   0.03895   0.01771   0.08886        18       224    0.3029    0.6939    0.4725    0.2519   0.01906   0.01293   0.01385
    42/199        0G   0.03119   0.03994   0.01789   0.08902        42       224    0.3367    0.6942    0.5294    0.3065   0.01671   0.01259   0.01379
    43/199        0G   0.03043   0.03487   0.01762   0.08291        31       224    0.3199    0.6025    0.5146    0.3156    0.0171   0.01273   0.01385
    44/199        0G   0.03071   0.03819   0.01764   0.08655        49       224    0.3561    0.6519    0.5113    0.3032   0.01792   0.01303   0.01377
    45/199        0G   0.03042    0.0383    0.0177   0.08642        33       224     0.362     0.619    0.5138    0.3324   0.01611   0.01275    0.0137
    46/199        0G   0.02832   0.03781   0.01755   0.08368        23       224    0.3339     0.655    0.5261    0.3292   0.01604   0.01284   0.01368
    47/199        0G   0.02941   0.03698   0.01751    0.0839        21       224    0.2919    0.7089    0.5342    0.3235   0.01584   0.01264   0.01358
    48/199        0G    0.0278   0.03734   0.01751   0.08264        51       224    0.3211    0.7195    0.5564    0.3697   0.01543   0.01258   0.01356
    49/199        0G   0.02934   0.03879   0.01746   0.08558        35       224      0.36    0.6546     0.562     0.348   0.01596   0.01252   0.01358
    50/199        0G   0.02824    0.0416   0.01727    0.0871        32       224    0.3267    0.7179    0.5374    0.3864   0.01343   0.01222    0.0135
    51/199        0G   0.02794   0.03974   0.01746   0.08515        40       224    0.3112    0.6858    0.5168    0.3235   0.01558   0.01232   0.01353
    52/199        0G   0.02762   0.03808   0.01723   0.08294        31       224    0.2897    0.7018    0.5425    0.3897   0.01426     0.012   0.01328
    53/199        0G   0.02657   0.03804   0.01741   0.08202        45       224    0.2726    0.7167    0.5461    0.4116   0.01367   0.01217   0.01317
    54/199        0G   0.02584   0.03923   0.01689   0.08195        35       224    0.2632    0.7453    0.5547    0.4008   0.01397   0.01224   0.01313
    55/199        0G   0.02678   0.03694   0.01719    0.0809        33       224    0.2979    0.7204    0.5713    0.4151   0.01363   0.01204   0.01315
    56/199        0G   0.02672   0.03665     0.017   0.08037        29       224    0.3016    0.7535    0.5858    0.4322   0.01305    0.0122   0.01303
    57/199        0G    0.0266    0.0373   0.01684   0.08074        25       224    0.3103    0.7539    0.5914    0.4109   0.01368   0.01224   0.01304
    58/199        0G   0.02508   0.03521   0.01688   0.07717        24       224    0.3199    0.7588    0.5856    0.4515   0.01364   0.01193   0.01293
    59/199        0G    0.0255   0.03581   0.01682   0.07812        32       224    0.2673    0.7031    0.5588    0.3986   0.01375   0.01219    0.0128
    60/199        0G   0.02546   0.03494   0.01667   0.07707        28       224    0.2749    0.7457    0.5911     0.408   0.01376   0.01252   0.01276
    61/199        0G   0.02579     0.036   0.01648   0.07827        25       224    0.2765    0.8063    0.5958    0.4517   0.01191   0.01199   0.01257
    62/199        0G   0.02515   0.03723   0.01654   0.07892        39       224    0.2694    0.7422     0.574     0.442   0.01272   0.01213   0.01268
    63/199        0G   0.02499   0.03609    0.0164   0.07748        36       224    0.2877    0.7702    0.6171    0.4514   0.01313   0.01205   0.01253
    64/199        0G   0.02452   0.03594   0.01658   0.07704        24       224     0.281    0.7684    0.5946    0.4311   0.01448   0.01222   0.01251
    65/199        0G   0.02469   0.03636    0.0163   0.07735        38       224     0.297    0.8079    0.6021    0.4587   0.01302    0.0121   0.01255
    66/199        0G   0.02412   0.03618   0.01637   0.07668        46       224    0.2966    0.8256    0.5823    0.4408   0.01282   0.01201   0.01243
    67/199        0G   0.02496   0.03865   0.01632   0.07993        28       224    0.2998    0.7755    0.6103    0.4795   0.01297   0.01196   0.01242
    68/199        0G   0.02384   0.03503   0.01609   0.07496        19       224    0.2978    0.8021    0.6155    0.4705   0.01206     0.012   0.01225
    69/199        0G   0.02401   0.03557   0.01591    0.0755        33       224    0.2889    0.8372    0.6335    0.5136   0.01217   0.01196   0.01216
    70/199        0G   0.02463   0.03861     0.016   0.07924        35       224    0.2781    0.8084    0.6408    0.5229   0.01154   0.01209   0.01214
    71/199        0G   0.02402   0.03662   0.01624   0.07688        28       224    0.2886    0.8274     0.597    0.4619   0.01223   0.01253   0.01206
    72/199        0G   0.02329    0.0357   0.01587   0.07485        43       224    0.2931      0.82     0.634    0.4945   0.01202   0.01206   0.01202
    73/199        0G   0.02341   0.03573   0.01584   0.07498        27       224    0.2921    0.8564    0.6377    0.5164   0.01155   0.01184   0.01202
    74/199        0G   0.02457   0.03739   0.01576   0.07771        38       224    0.2909     0.825    0.6226    0.5038   0.01177    0.0118   0.01192
    75/199        0G   0.02308   0.03746   0.01559   0.07613        42       224    0.3064    0.8942    0.6619    0.5263   0.01118   0.01178   0.01174
    76/199        0G   0.02362   0.03558   0.01553   0.07474        35       224    0.3131     0.861    0.6655    0.5288   0.01179   0.01186   0.01161
    77/199        0G   0.02284   0.03475    0.0157   0.07329        42       224     0.312      0.86    0.6713    0.5647   0.01175   0.01154   0.01157
    78/199        0G   0.02374   0.03645   0.01542   0.07561        33       224    0.3123    0.8529    0.6572    0.5023   0.01268   0.01185   0.01147
    79/199        0G   0.02321   0.03602   0.01517    0.0744        28       224    0.3162    0.8553    0.6488    0.5416   0.01122   0.01162   0.01138
    80/199        0G   0.02266   0.03398   0.01513   0.07177        40       224    0.3061     0.894    0.6692    0.5521   0.01121   0.01155   0.01133
    81/199        0G   0.02356   0.03565   0.01549    0.0747        27       224    0.3188    0.8873    0.6908    0.5677   0.01115   0.01211   0.01125
    82/199        0G   0.02237     0.034   0.01511   0.07148        43       224    0.3186    0.8744     0.677    0.5368   0.01196   0.01182   0.01131
    83/199        0G   0.02263   0.03511   0.01507    0.0728        42       224     0.311    0.8775    0.6933    0.5457   0.01186    0.0118   0.01122
    84/199        0G   0.02299   0.03307   0.01466   0.07072        37       224    0.3203    0.8649     0.702    0.5683   0.01115   0.01179   0.01116
    85/199        0G    0.0219   0.03501   0.01486   0.07178        31       224    0.3158    0.8957    0.7049    0.5533   0.01183     0.012   0.01109
    86/199        0G   0.02224   0.03523   0.01488   0.07236        25       224    0.3249    0.8807    0.7036    0.5662   0.01155   0.01191     0.011
    87/199        0G   0.02284   0.03857   0.01488   0.07629        47       224    0.3295    0.8772    0.7129      0.59   0.01106   0.01205   0.01083
    88/199        0G   0.02203   0.03579   0.01444   0.07225        26       224    0.3329    0.9154    0.7213    0.6001   0.01086   0.01152   0.01069
    89/199        0G   0.02238   0.03533   0.01491   0.07262        42       224    0.3307    0.8901    0.7297     0.591   0.01184   0.01172   0.01061
    90/199        0G   0.02168   0.03465   0.01435   0.07068        33       224    0.3336    0.8952    0.7177    0.5859   0.01159   0.01159   0.01075
    91/199        0G   0.02228   0.03615   0.01472   0.07315        28       224    0.3279    0.8939    0.7264    0.5861   0.01178   0.01178   0.01065
    92/199        0G   0.02234   0.03449   0.01464   0.07146        27       224    0.3257    0.8995    0.7287    0.5978   0.01104   0.01188   0.01055
    93/199        0G   0.02167    0.0338   0.01406   0.06953        25       224    0.3236     0.885    0.7155    0.5549   0.01201    0.0122   0.01053
    94/199        0G   0.02192   0.03464    0.0147   0.07125        19       224    0.3192    0.9106    0.7267    0.6093   0.01079   0.01158   0.01043
    95/199        0G   0.02106   0.03589   0.01417   0.07112        31       224    0.3257    0.9154    0.7312    0.5982   0.01139   0.01146   0.01048
    96/199        0G   0.02161   0.03336   0.01411   0.06909        32       224    0.3236    0.8959    0.7173    0.6129   0.01113   0.01145   0.01045
    97/199        0G   0.02115   0.03342   0.01423   0.06881        23       224    0.3246    0.9078    0.7161    0.5815   0.01131   0.01185    0.0103
    98/199        0G    0.0207   0.03253    0.0146   0.06784        21       224    0.3284    0.9007    0.7428    0.6154   0.01066   0.01176   0.01023
    99/199        0G   0.02181    0.0364   0.01428   0.07249        36       224    0.3284    0.9229    0.7384    0.6019   0.01124   0.01199   0.01012
   100/199        0G   0.02104   0.03519   0.01417   0.07039        35       224    0.3291    0.9178    0.7376    0.6009   0.01123   0.01208   0.01007
   101/199        0G   0.02118   0.03464   0.01419   0.07001        26       224    0.3248    0.9178    0.7431     0.613   0.01126   0.01185   0.01006
   102/199        0G   0.02009   0.03211   0.01422   0.06643        20       224    0.3328    0.9154    0.7493      0.62   0.01113    0.0115   0.01003
   103/199        0G   0.02182   0.03634   0.01404    0.0722        43       224    0.3406     0.913    0.7518     0.614   0.01125   0.01202  0.009946
   104/199        0G   0.02062   0.03296    0.0137   0.06727        27       224     0.345    0.9113    0.7519    0.6495   0.01045    0.0116  0.009803
   105/199        0G   0.02022   0.03198   0.01378   0.06598        23       224    0.3447    0.9229    0.7562    0.6433   0.01084    0.0118  0.009734
   106/199        0G   0.02066   0.03534   0.01384   0.06984        41       224    0.3352    0.9178    0.7364    0.5916    0.0112   0.01198  0.009857
   107/199        0G   0.02105   0.03488   0.01368   0.06961        18       224      0.34    0.9178     0.757     0.633    0.0103   0.01193  0.009691
   108/199        0G   0.02069    0.0339   0.01388   0.06847        27       224    0.3433    0.9129    0.7498    0.6214   0.01091   0.01176  0.009719
   109/199        0G   0.02212   0.03611   0.01418   0.07242        38       224     0.356    0.9103    0.7457    0.6036   0.01098   0.01215  0.009693
   110/199        0G   0.02043   0.03411   0.01346     0.068        17       224    0.3597    0.9178    0.7598    0.6362   0.01084   0.01169  0.009592
   111/199        0G   0.02112   0.03306   0.01342   0.06759        54       224    0.3632     0.913    0.7579    0.6168   0.01113   0.01188  0.009562
   112/199        0G   0.02095   0.03373   0.01372    0.0684        38       224    0.3523    0.9178    0.7485    0.6239   0.01059   0.01192  0.009516
   113/199        0G   0.02018   0.03107    0.0136   0.06485        21       224    0.3471    0.9103    0.7421    0.6283   0.01097   0.01178  0.009574
   114/199        0G   0.02073   0.03273   0.01385   0.06731        22       224     0.345    0.9253    0.7582    0.6221   0.01133   0.01191   0.00951
   115/199        0G   0.02032   0.03191   0.01376   0.06599        29       224     0.359    0.9205    0.7657    0.6514   0.01053    0.0118   0.00948
   116/199        0G   0.01979   0.03405   0.01321   0.06706        18       224    0.3539    0.9253    0.7725    0.6541   0.01051   0.01183  0.009368
   117/199        0G   0.02016   0.03281   0.01335   0.06633        33       224    0.3623    0.9178    0.7686    0.6513   0.01044   0.01172  0.009389
   118/199        0G   0.02004   0.03265    0.0135   0.06619        23       224    0.3651    0.9253    0.7627    0.6465   0.01014   0.01157   0.00943
   119/199        0G   0.01965   0.03395   0.01296   0.06657        24       224      0.37    0.9281    0.7612    0.6446   0.01025   0.01163  0.009346
   120/199        0G    0.0201   0.03355   0.01342   0.06707        29       224     0.363    0.9375    0.7744    0.6492   0.01092   0.01158   0.00933
   121/199        0G   0.02054   0.03451   0.01343   0.06848        40       224    0.3653    0.9328     0.776    0.6595   0.01033   0.01163  0.009281
   122/199        0G   0.01988   0.03485   0.01299   0.06772        26       224    0.3603    0.9328    0.7751    0.6659   0.01013    0.0117  0.009168
   123/199        0G     0.019   0.03065   0.01315   0.06281        20       224    0.3754     0.924    0.7709    0.6416   0.01034   0.01172  0.009199
   124/199        0G   0.02032   0.03403   0.01324   0.06758        22       224    0.3676    0.9253    0.7764    0.6639   0.01028   0.01175   0.00921
   125/199        0G   0.01985   0.03388   0.01302   0.06676        39       224    0.3642    0.9253     0.771    0.6678   0.01047   0.01216  0.009208
   126/199        0G   0.02044   0.03233   0.01312   0.06589        21       224    0.3672    0.9253    0.7768    0.6611   0.01049   0.01184  0.009217
   127/199        0G   0.02018   0.03371   0.01277   0.06666        41       224    0.3635    0.9328    0.7808    0.6537   0.01075   0.01196  0.009145
   128/199        0G   0.02016   0.03208   0.01271   0.06495        23       224     0.374    0.9281    0.7792    0.6696   0.01063   0.01172  0.009098
   129/199        0G   0.01988   0.03449    0.0128   0.06717        41       224    0.3705    0.9245    0.7791    0.6599   0.01034   0.01187  0.008984
   130/199        0G   0.01976   0.03356   0.01285   0.06618        31       224    0.3617    0.9248    0.7841    0.6608   0.01053   0.01195  0.008946
   131/199        0G   0.01958    0.0336    0.0127   0.06588        37       224    0.3638    0.9229    0.7763    0.6559   0.01037   0.01183  0.008957
   132/199        0G   0.01909   0.03408   0.01278   0.06596        23       224    0.3745    0.9304    0.7735    0.6636  0.009983   0.01157  0.008974
   133/199        0G    0.0192   0.03346   0.01281   0.06546        52       224    0.3719    0.9181     0.762    0.6449   0.01013   0.01166  0.009025
   134/199        0G   0.01983   0.03442   0.01275     0.067        40       224    0.3651    0.9256    0.7819    0.6534   0.01044   0.01179  0.008938
   135/199        0G   0.01962    0.0345   0.01265   0.06676        43       224    0.3611    0.9181    0.7726    0.6577   0.01041   0.01186   0.00896
   136/199        0G   0.01908   0.03243   0.01271   0.06423        36       224    0.3771    0.9358    0.7814    0.6635   0.01043   0.01185   0.00893
   137/199        0G   0.01881   0.03086   0.01276   0.06244        34       224    0.3766    0.9158    0.7784      0.65   0.01057   0.01176  0.008921
   138/199        0G    0.0199   0.03383   0.01246   0.06619        30       224    0.3714    0.9209    0.7866    0.6756  0.009765   0.01184  0.008822
   139/199        0G   0.01844   0.03208   0.01199   0.06251        24       224    0.3726    0.9161    0.7722    0.6451   0.01023   0.01196  0.008907
   140/199        0G   0.01908   0.03246   0.01248   0.06403        24       224    0.3728    0.9256    0.7823    0.6717  0.009978   0.01174  0.008824
   141/199        0G   0.01902   0.03116   0.01225   0.06243        35       224    0.3835    0.9332     0.787    0.6645   0.01001   0.01186  0.008695
   142/199        0G   0.01942   0.03149   0.01231   0.06322        46       224    0.3739    0.9407    0.7889    0.6708   0.01023   0.01181  0.008688
   143/199        0G   0.01912   0.03411   0.01242   0.06565        38       224    0.3806    0.9386    0.7939    0.6873  0.009842   0.01176  0.008724
   144/199        0G   0.01836   0.03065   0.01234   0.06134        30       224    0.3895    0.9434    0.7877    0.6722   0.01015   0.01167  0.008737
   145/199        0G   0.01856   0.02995   0.01226   0.06077        35       224    0.3922    0.9332    0.7873    0.6772  0.009937   0.01168  0.008684
   146/199        0G   0.01956   0.03319   0.01246    0.0652        17       224     0.374    0.9284    0.7785    0.6656   0.01001   0.01182  0.008659
   147/199        0G   0.01898   0.03317   0.01212   0.06427        21       224    0.3664    0.9154    0.7787    0.6694  0.009724   0.01174  0.008635
   148/199        0G   0.01888   0.03255   0.01191   0.06335        29       224    0.3692    0.9256    0.7834    0.6692  0.009804   0.01184    0.0086
   149/199        0G    0.0182   0.03301   0.01226   0.06346        19       224    0.3733    0.9332    0.7913     0.677  0.009772   0.01178  0.008628
   150/199        0G   0.01874   0.03205   0.01219   0.06297        33       224    0.3748    0.9279    0.7854    0.6714  0.009876   0.01179  0.008564
   151/199        0G   0.01913   0.03365   0.01227   0.06504        26       224    0.3757    0.9283    0.7932    0.6808  0.009795   0.01184  0.008521
   152/199        0G   0.01837   0.03015   0.01234   0.06086        23       224    0.3865    0.9307    0.7965    0.6749   0.01002   0.01189  0.008453
   153/199        0G   0.01849   0.03384   0.01221   0.06454        29       224    0.3851    0.9307    0.7944    0.6722  0.009857   0.01185  0.008448
   154/199        0G   0.01913    0.0324   0.01205   0.06358        29       224    0.3924     0.938    0.7949    0.6815  0.009716   0.01172  0.008449
   155/199        0G   0.01866   0.03151   0.01188   0.06205        21       224    0.3866     0.942    0.7961    0.6859   0.00971   0.01171  0.008435
   156/199        0G   0.01885    0.0311   0.01218   0.06213        23       224    0.3743    0.9229    0.7892    0.6656  0.009842   0.01177  0.008482
   157/199        0G   0.01882   0.03256   0.01205   0.06343        18       224    0.3758    0.9304    0.7894     0.675  0.009657   0.01186  0.008402
   158/199        0G   0.01863   0.03222   0.01193   0.06278        31       224    0.3829    0.9299    0.7869    0.6698  0.009858   0.01186  0.008344
   159/199        0G   0.01821   0.03543   0.01198   0.06562        23       224    0.3796    0.9415    0.7831    0.6744  0.009934   0.01188  0.008395
   160/199        0G   0.01898   0.03287   0.01189   0.06374        26       224    0.3813    0.9302    0.7856    0.6792  0.009823   0.01185   0.00837
   161/199        0G   0.01826   0.03031   0.01208   0.06065        30       224     0.383    0.9304    0.7914     0.675  0.009793   0.01184  0.008394
   162/199        0G   0.01852   0.03142   0.01188   0.06181        31       224    0.3753    0.9311    0.7878    0.6753  0.009825   0.01177  0.008424
   163/199        0G   0.01896   0.03324   0.01227   0.06447        35       224    0.3771    0.9244    0.7845    0.6723  0.009629   0.01173  0.008421
   164/199        0G   0.01824   0.03199    0.0121   0.06232        23       224    0.3714    0.9186    0.7877     0.671   0.00972    0.0118  0.008403
   165/199        0G   0.01856   0.03063   0.01201    0.0612        23       224     0.372    0.9209    0.7882    0.6714  0.009757   0.01181  0.008395
   166/199        0G   0.01822   0.03299   0.01161   0.06282        24       224    0.3777    0.9209    0.7907    0.6797  0.009734   0.01183  0.008355
   167/199        0G   0.01931   0.03357    0.0122   0.06509        29       224    0.3847    0.9332    0.7962    0.6834  0.009929   0.01176  0.008293
   168/199        0G   0.01955   0.03321   0.01193    0.0647        35       224    0.3853    0.9434    0.7969     0.678  0.009986   0.01188  0.008278
   169/199        0G   0.01905   0.03354   0.01205   0.06464        26       224    0.3806    0.9396    0.7919    0.6842  0.009677    0.0119  0.008309
   170/199        0G   0.01944   0.03273   0.01201   0.06418        21       224    0.3832    0.9356    0.7922    0.6714  0.009909   0.01196   0.00831
   171/199        0G   0.02014   0.03455   0.01227   0.06696        25       224    0.3813    0.9284    0.7915    0.6854  0.009621   0.01174  0.008293
   172/199        0G   0.01866    0.0317    0.0119   0.06226        29       224    0.3773    0.9332    0.7912    0.6812  0.009662   0.01167  0.008293
   173/199        0G   0.01801   0.03212   0.01207    0.0622        33       224    0.3911    0.9412    0.7945    0.6841  0.009704   0.01164  0.008268
   174/199        0G   0.01948   0.03432   0.01203   0.06583        38       224    0.3944    0.9434    0.7959    0.6834  0.009763   0.01169  0.008266
   175/199        0G   0.01818    0.0312   0.01157   0.06095        29       224    0.3907    0.9434    0.7997    0.6931  0.009509   0.01178  0.008238
   176/199        0G   0.01857   0.03206   0.01145   0.06208        29       224    0.3876    0.9332    0.7984    0.6922  0.009708   0.01172  0.008263
   177/199        0G   0.01784   0.03128   0.01107   0.06019        23       224    0.3889    0.9332    0.7969    0.6855  0.009851   0.01176  0.008232
   178/199        0G   0.01808   0.03118   0.01194    0.0612        23       224    0.3835    0.9289    0.7977    0.6881  0.009792   0.01178  0.008223
   179/199        0G   0.01915   0.03321   0.01197   0.06434        24       224    0.3849    0.9225    0.7979    0.6808  0.009771   0.01178  0.008189
   180/199        0G   0.01841    0.0315   0.01162   0.06153        32       224    0.3835    0.9205    0.7917    0.6722  0.009812   0.01178  0.008187
   181/199        0G   0.01769    0.0305   0.01147   0.05966        31       224    0.3904    0.9281     0.794    0.6874   0.00956   0.01168  0.008171
   182/199        0G    0.0182   0.02942   0.01157   0.05919        17       224    0.3925    0.9281    0.7946    0.6843  0.009643    0.0117   0.00819
   183/199        0G   0.01875   0.03297   0.01154   0.06327        44       224    0.3956    0.9332    0.7937    0.6756  0.009718   0.01173  0.008223
   184/199        0G   0.01837   0.03075   0.01189     0.061        26       224    0.3938    0.9289    0.7934    0.6785  0.009802    0.0117   0.00823
   185/199        0G    0.0176   0.03031   0.01161   0.05953        31       224    0.3962    0.9233    0.7933    0.6727  0.009804   0.01178   0.00822
   186/199        0G   0.01798   0.03144   0.01195   0.06136        32       224     0.396    0.9311    0.7917    0.6824  0.009793   0.01167  0.008183
   187/199        0G   0.01816   0.03135   0.01169    0.0612        35       224    0.3918    0.9281    0.7934    0.6817  0.009794   0.01174  0.008203
   188/199        0G   0.01881   0.03234   0.01199   0.06314        35       224    0.3905    0.9281    0.7906    0.6855  0.009643   0.01173  0.008213
   189/199        0G   0.01818   0.03094   0.01167   0.06079        26       224    0.3882    0.9281    0.7911    0.6787  0.009771   0.01173  0.008217
   190/199        0G   0.01787   0.03063   0.01161   0.06011        28       224    0.3923    0.9332    0.7916    0.6792  0.009738   0.01166  0.008222
   191/199        0G    0.0176   0.03072   0.01183   0.06015        41       224    0.3824    0.9341     0.793    0.6781  0.009628   0.01165  0.008213
   192/199        0G   0.01808   0.03097   0.01163   0.06068        17       224    0.3893    0.9332    0.7948    0.6855  0.009505   0.01168  0.008157
   193/199        0G   0.01833    0.0306   0.01128   0.06021        26       224    0.3879    0.9332    0.7941    0.6806  0.009642   0.01181  0.008125
   194/199        0G   0.01862   0.03267   0.01162   0.06291        34       224    0.3903    0.9362    0.7922     0.683  0.009669   0.01171  0.008166
   195/199        0G   0.01792    0.0336   0.01157   0.06309        33       224    0.3974    0.9284    0.7942    0.6914  0.009678   0.01168  0.008162
   196/199        0G   0.01906   0.03207   0.01156   0.06268        35       224    0.3956    0.9434    0.7922    0.6822  0.009617   0.01171  0.008151
   197/199        0G   0.01773   0.03145   0.01128   0.06047        38       224    0.3884    0.9332    0.7959    0.6787  0.009864   0.01176  0.008085
   198/199        0G   0.01889   0.03345   0.01153   0.06387        40       224    0.3921    0.9388    0.7945    0.6751  0.009728   0.01186  0.008113
   199/199        0G   0.01814   0.03194   0.01182    0.0619        24       224    0.3966    0.9434    0.7943    0.6809  0.009697   0.01174  0.008102
