     0/499        0G   0.07029   0.03501   0.02167     0.127        20       224         0         0  0.007675  0.001978   0.05607   0.01619   0.01671
     1/499        0G   0.06955    0.0341   0.02172    0.1254        17       224         0         0  0.008194  0.001902   0.05622   0.01608   0.01671
     2/499        0G   0.06877   0.03557   0.02158    0.1259        22       224         0         0  0.008507  0.002151   0.05528   0.01622   0.01666
     3/499        0G   0.06729   0.03529   0.02151    0.1241        26       224         0         0  0.009204  0.002348   0.05391   0.01662   0.01663
     4/499        0G   0.06659   0.03865   0.02143    0.1267        28       224         0         0   0.01121  0.002159   0.05216   0.01709   0.01662
     5/499        0G   0.06455    0.0402   0.02119    0.1259        36       224         0         0   0.01223  0.002853   0.05004   0.01761   0.01647
     6/499        0G   0.06281    0.0412   0.02142    0.1254        16       224         0         0   0.01653  0.003948   0.04786   0.01798   0.01642
     7/499        0G   0.06174   0.04078   0.02102    0.1235        40       224         0         0   0.02077  0.004289   0.04629   0.01836   0.01634
     8/499        0G   0.05981   0.04474   0.02088    0.1254        35       224         0         0   0.02766  0.005669   0.04369   0.01852   0.01637
     9/499        0G   0.05875   0.04551   0.02077     0.125        36       224         0         0   0.03269  0.007457    0.0425   0.01844   0.01637
    10/499        0G   0.05731   0.04608   0.02077    0.1242        42       224         0         0   0.04391   0.01087   0.04097   0.01834   0.01629
    11/499        0G    0.0557   0.04614   0.02055    0.1224        36       224         0         0   0.05845   0.01406   0.03908   0.01814   0.01614
    12/499        0G   0.05374   0.04326   0.02047    0.1175        16       224   0.08957   0.02282   0.06186   0.01581   0.03798   0.01777   0.01601
    13/499        0G   0.05242   0.04439   0.02029    0.1171        26       224   0.08025   0.06502   0.07152   0.02326   0.03703   0.01751   0.01638
    14/499        0G    0.0514   0.04175   0.02037    0.1135        25       224   0.08542    0.1506   0.08778   0.02928   0.03586    0.0174   0.01594
    15/499        0G   0.04984   0.04505   0.02021    0.1151        34       224   0.07703    0.2395    0.0967   0.03176   0.03431    0.0173   0.01577
    16/499        0G   0.04857    0.0426   0.01998    0.1111        23       224   0.06811    0.2817    0.1071   0.03777   0.03259    0.0172   0.01568
    17/499        0G   0.04665   0.04056   0.01977     0.107        25       224   0.08399    0.3237     0.142   0.05265   0.03093   0.01708   0.01556
    18/499        0G   0.04581   0.04407   0.01982    0.1097        39       224   0.09571    0.3626    0.1483   0.06112   0.03068   0.01676   0.01546
    19/499        0G   0.04376   0.04131    0.0196    0.1047        22       224    0.0987    0.3999     0.175   0.06747   0.02947   0.01641   0.01536
    20/499        0G   0.04254   0.04217   0.01947    0.1042        42       224    0.1132    0.4199    0.1968   0.08744   0.02798   0.01588   0.01528
    21/499        0G   0.04094   0.04247   0.01931    0.1027        38       224     0.114    0.4292    0.1958   0.09105   0.02709   0.01564   0.01516
    22/499        0G   0.03939   0.03983   0.01926   0.09848        31       224    0.1304    0.4133    0.2192    0.1033   0.02583    0.0152   0.01519
    23/499        0G    0.0387   0.04181   0.01911   0.09961        19       224    0.1486    0.4505    0.2248   0.09266   0.02559   0.01505   0.01494
    24/499        0G   0.03803    0.0424   0.01884   0.09926        36       224    0.1653    0.5105    0.2405    0.1121   0.02454   0.01484    0.0148
    25/499        0G   0.03729   0.04126   0.01882   0.09737        28       224    0.1875    0.4807     0.261    0.1098     0.024   0.01467   0.01469
    26/499        0G   0.03587    0.0396   0.01861   0.09408        24       224    0.2223    0.4621    0.2809    0.1456   0.02259   0.01454   0.01447
    27/499        0G   0.03547   0.04237   0.01861   0.09645        22       224     0.214    0.5484    0.2897    0.1373   0.02359   0.01419   0.01439
    28/499        0G   0.03509   0.04198    0.0185   0.09557        21       224    0.1852    0.5231    0.3062    0.1474   0.02197   0.01429   0.01441
    29/499        0G   0.03576   0.04231   0.01842   0.09649        35       224    0.2756    0.5491    0.3601    0.1994   0.02057   0.01409   0.01435
    30/499        0G   0.03392   0.04151   0.01848   0.09391        18       224    0.2563    0.5527    0.3568    0.1864   0.02083   0.01398   0.01436
    31/499        0G   0.03362   0.04109   0.01831   0.09302        30       224    0.3133    0.5814    0.3799    0.2111   0.01921   0.01346   0.01426
    32/499        0G    0.0329   0.03997   0.01827   0.09114        28       224    0.2354    0.6524     0.364    0.1801   0.02304   0.01378   0.01406
    33/499        0G   0.03294   0.03893   0.01824   0.09011        37       224    0.3066    0.5971    0.4172     0.225   0.01949   0.01335   0.01422
    34/499        0G   0.03337   0.03721   0.01826   0.08885        19       224    0.2751    0.6362    0.4349    0.1779   0.02519   0.01319   0.01408
    35/499        0G   0.03602   0.03962   0.01797   0.09361        17       224    0.3048    0.5376    0.4108    0.1622   0.02324   0.01346   0.01428
    36/499        0G   0.03625    0.0409   0.01793   0.09508        40       224    0.3273    0.5612    0.4419    0.2513   0.01857   0.01346    0.0141
    37/499        0G   0.03333   0.04027    0.0179    0.0915        39       224    0.2769    0.7042    0.4676    0.2582   0.01852   0.01309   0.01395
    38/499        0G   0.03323   0.03971   0.01805     0.091        45       224    0.3181    0.6599    0.4888    0.2627   0.02039    0.0131   0.01397
    39/499        0G   0.03351   0.04024     0.018   0.09176        25       224    0.3932    0.6234    0.4581    0.2548    0.0186   0.01326   0.01403
    40/499        0G    0.0322   0.03776   0.01789   0.08785        26       224    0.4014    0.6627    0.4871    0.2361   0.01988   0.01284   0.01388
    41/499        0G   0.03229   0.03889   0.01768   0.08886        18       224    0.3479     0.718    0.4928    0.2828    0.0176   0.01275   0.01375
    42/499        0G    0.0307   0.04013   0.01786    0.0887        42       224    0.3006    0.6682    0.5114    0.2707   0.01816   0.01292   0.01384
    43/499        0G   0.03046   0.03485   0.01759    0.0829        31       224    0.2871    0.5905    0.4985    0.3069     0.017   0.01276   0.01377
    44/499        0G    0.0299   0.03854    0.0176   0.08604        49       224    0.3428    0.6293    0.4964    0.3324   0.01511   0.01306    0.0139
    45/499        0G      0.03   0.03865   0.01765    0.0863        33       224     0.331    0.6087    0.4719    0.2907   0.01789   0.01303   0.01376
    46/499        0G   0.02918   0.03755   0.01751   0.08423        23       224    0.3736    0.6469    0.5462    0.3486    0.0157   0.01264   0.01365
    47/499        0G   0.02929   0.03696   0.01746   0.08371        21       224    0.3179    0.6995    0.5554    0.3443   0.01612   0.01263   0.01353
    48/499        0G   0.02794   0.03712   0.01743   0.08249        51       224    0.3304    0.7455    0.5762     0.373   0.01524   0.01247   0.01342
    49/499        0G      0.03   0.03867   0.01742   0.08609        35       224    0.3556    0.6322    0.5402    0.3504    0.0165   0.01262   0.01355
    50/499        0G   0.02851   0.04149   0.01719   0.08719        32       224     0.311    0.6916    0.5565     0.385   0.01398    0.0124   0.01334
    51/499        0G   0.02829   0.03964   0.01742   0.08534        40       224    0.3065    0.6959    0.5417    0.3484   0.01522   0.01225   0.01335
    52/499        0G   0.02757   0.03806   0.01714   0.08277        31       224    0.2954    0.6988    0.5752    0.4176   0.01367   0.01193   0.01327
    53/499        0G   0.02691   0.03802   0.01732   0.08225        45       224    0.2995    0.7448    0.5519    0.4037    0.0132   0.01206   0.01307
    54/499        0G   0.02688   0.03921   0.01679   0.08287        35       224    0.2832    0.7332     0.536     0.392   0.01384   0.01204   0.01306
    55/499        0G   0.02641   0.03676   0.01711   0.08028        33       224    0.3102    0.7194    0.5751    0.4061   0.01325   0.01198   0.01303
    56/499        0G   0.02599   0.03671   0.01692   0.07961        29       224    0.2887    0.7289    0.5508     0.395   0.01322   0.01205   0.01297
    57/499        0G   0.02603   0.03726   0.01675   0.08004        25       224    0.2938    0.7635    0.5761    0.4317   0.01269   0.01201   0.01289
    58/499        0G   0.02468   0.03512   0.01678   0.07657        24       224    0.3003    0.7492    0.5862    0.4449   0.01267   0.01171   0.01283
    59/499        0G   0.02525   0.03588   0.01671   0.07785        32       224    0.2911    0.7187    0.5578    0.3805   0.01354    0.0127   0.01264
    60/499        0G     0.026   0.03496   0.01653   0.07749        28       224    0.2917    0.7517    0.6004    0.4295    0.0137   0.01217   0.01263
    61/499        0G   0.02591   0.03602   0.01632   0.07826        25       224     0.282     0.789    0.6125    0.4675    0.0121    0.0118   0.01246
    62/499        0G    0.0257   0.03724   0.01638   0.07932        39       224    0.2751    0.7666    0.5932    0.4448   0.01333   0.01221   0.01245
    63/499        0G   0.02529    0.0359   0.01623   0.07741        36       224    0.2882    0.7864    0.6284    0.4589   0.01306    0.0119   0.01236
    64/499        0G   0.02444   0.03572   0.01644    0.0766        24       224    0.2691    0.7668    0.5991    0.4468   0.01409   0.01202   0.01241
    65/499        0G   0.02473   0.03616   0.01609   0.07698        38       224    0.2899    0.7472     0.589    0.4179    0.0136   0.01219   0.01245
    66/499        0G   0.02493    0.0362   0.01617    0.0773        46       224    0.2768      0.81    0.5814    0.4183   0.01341   0.01215   0.01233
    67/499        0G   0.02578   0.03857   0.01612   0.08047        28       224    0.2787    0.7283    0.6079    0.4349   0.01514   0.01203   0.01219
    68/499        0G   0.02468   0.03509   0.01587   0.07564        19       224    0.2982    0.8269    0.6136    0.4582   0.01261   0.01243   0.01197
    69/499        0G   0.02441   0.03564   0.01565    0.0757        33       224    0.2989    0.8167    0.6472    0.5224   0.01251   0.01204   0.01188
    70/499        0G   0.02496   0.03845   0.01577   0.07918        35       224    0.2906    0.8324    0.6603    0.5194   0.01179   0.01236   0.01187
    71/499        0G   0.02416   0.03654   0.01598   0.07669        28       224    0.2984     0.846    0.6502    0.4989   0.01199   0.01251    0.0118
    72/499        0G   0.02356   0.03565   0.01559    0.0748        43       224    0.3113    0.8494    0.6473    0.5102   0.01243   0.01237    0.0118
    73/499        0G   0.02415    0.0356   0.01557   0.07531        27       224    0.3132     0.852    0.6365    0.4984     0.012    0.0121   0.01186
    74/499        0G   0.02499   0.03741   0.01547   0.07787        38       224    0.3153    0.8378    0.6596    0.4877   0.01306   0.01203   0.01158
    75/499        0G    0.0241   0.03755   0.01525   0.07691        42       224    0.3211    0.8836     0.676    0.5274   0.01171   0.01186   0.01145
    76/499        0G   0.02432   0.03563   0.01519   0.07514        35       224    0.3184    0.8603    0.6679    0.5163    0.0126   0.01235   0.01124
    77/499        0G   0.02308   0.03483   0.01537   0.07328        42       224    0.3218    0.8562    0.6767     0.553   0.01176   0.01193   0.01127
    78/499        0G    0.0236   0.03649   0.01504   0.07514        33       224    0.3299    0.8485    0.6795     0.519   0.01277    0.0121   0.01119
    79/499        0G   0.02337   0.03591   0.01479   0.07408        28       224    0.3352    0.8877    0.6832    0.5592    0.0113   0.01181   0.01116
    80/499        0G   0.02371   0.03389   0.01474   0.07235        40       224    0.3321    0.8976    0.6979    0.5414   0.01207   0.01211   0.01091
    81/499        0G   0.02416   0.03542    0.0151   0.07467        27       224    0.3375     0.892    0.7161     0.576   0.01182   0.01244   0.01085
    82/499        0G    0.0226   0.03383   0.01471   0.07115        43       224    0.3295    0.8826    0.6998    0.5458   0.01276   0.01193   0.01095
    83/499        0G   0.02332   0.03499   0.01463   0.07294        42       224    0.3223    0.8743    0.6952    0.5502   0.01265    0.0116   0.01094
    84/499        0G   0.02382   0.03309   0.01425   0.07116        37       224    0.3398    0.8598    0.7099    0.5697   0.01241   0.01189   0.01082
    85/499        0G   0.02283   0.03499   0.01442   0.07224        31       224    0.3318     0.898    0.7211    0.5774   0.01155    0.0119   0.01078
    86/499        0G   0.02303   0.03534   0.01442   0.07279        25       224    0.3479    0.8826    0.7222    0.5654   0.01242   0.01217   0.01066
    87/499        0G   0.02337   0.03844   0.01443   0.07623        47       224    0.3463    0.9034    0.7365    0.5894   0.01163   0.01223   0.01039
    88/499        0G   0.02279   0.03572   0.01391   0.07242        26       224    0.3442    0.9046     0.747    0.5995   0.01142   0.01183   0.01019
    89/499        0G   0.02331   0.03532   0.01441   0.07304        42       224    0.3444    0.8932    0.7401    0.5874   0.01265   0.01189   0.01019
    90/499        0G   0.02268   0.03477   0.01382   0.07128        33       224    0.3535    0.8917    0.7565    0.6023   0.01204   0.01172   0.01015
    91/499        0G   0.02305   0.03612   0.01418   0.07335        28       224      0.36    0.8888    0.7394    0.5996   0.01247   0.01161    0.0102
    92/499        0G   0.02336    0.0345   0.01416   0.07202        27       224    0.3525    0.8799    0.7395    0.5799   0.01225   0.01226   0.01014
    93/499        0G   0.02219   0.03379   0.01351   0.06948        25       224    0.3639     0.889    0.7506    0.5961   0.01163   0.01203  0.009974
    94/499        0G   0.02231   0.03447    0.0141   0.07087        19       224    0.3491    0.9153    0.7532    0.6213   0.01147   0.01182  0.009879
    95/499        0G    0.0224   0.03572   0.01355   0.07167        31       224    0.3717    0.9112    0.7597    0.6149   0.01192   0.01168  0.009932
    96/499        0G   0.02213   0.03327   0.01349   0.06889        32       224    0.3736    0.8919    0.7542    0.6221   0.01117   0.01192  0.009793
    97/499        0G   0.02111   0.03314   0.01357   0.06782        23       224    0.3438    0.9052    0.7492    0.6165   0.01164   0.01213  0.009748
    98/499        0G   0.02155   0.03237     0.014   0.06793        21       224    0.3739    0.9052    0.7653    0.6194   0.01126   0.01186  0.009685
    99/499        0G   0.02213   0.03618    0.0136   0.07191        36       224    0.3568    0.8845    0.7547     0.638   0.01087   0.01203  0.009694
   100/499        0G   0.02175     0.035   0.01342   0.07017        35       224    0.3634       0.9     0.768     0.629   0.01166   0.01205  0.009566
   101/499        0G   0.02153   0.03451   0.01344   0.06948        26       224    0.3636    0.8949    0.7642    0.6394   0.01143   0.01172  0.009489
   102/499        0G   0.02132   0.03215   0.01349   0.06696        20       224    0.3682    0.9079    0.7669    0.6087   0.01213   0.01184  0.009521
   103/499        0G   0.02297   0.03636   0.01334   0.07267        43       224    0.3756    0.8861    0.7551    0.6184   0.01134   0.01191  0.009554
   104/499        0G   0.02179   0.03301   0.01294   0.06774        27       224    0.3773    0.9087    0.7662    0.6391   0.01091    0.0118  0.009226
   105/499        0G   0.02152    0.0319   0.01295   0.06637        23       224    0.3574    0.9103    0.7651    0.6379    0.0117   0.01206  0.009088
   106/499        0G   0.02187   0.03548     0.013   0.07035        41       224    0.3696    0.9232    0.7691    0.6269   0.01135   0.01228  0.009218
   107/499        0G   0.02199   0.03485   0.01284   0.06968        18       224    0.3639    0.9077    0.7579    0.6289   0.01109   0.01182  0.009391
   108/499        0G   0.02169   0.03375   0.01305   0.06849        27       224    0.3819    0.9043    0.7689    0.6233   0.01091   0.01197  0.009175
   109/499        0G   0.02288   0.03589   0.01334   0.07211        38       224    0.3828    0.9072    0.7738    0.6131   0.01139   0.01211  0.009122
   110/499        0G   0.02136   0.03412   0.01261    0.0681        17       224    0.3893    0.9028    0.7681     0.634   0.01154   0.01183  0.009119
   111/499        0G   0.02185   0.03301   0.01257   0.06742        54       224    0.4006    0.9096    0.7745    0.6209   0.01144   0.01197  0.008905
   112/499        0G   0.02163   0.03361   0.01286   0.06809        38       224    0.3817     0.913    0.7741    0.6401   0.01098   0.01175  0.008893
   113/499        0G   0.02093   0.03103   0.01264    0.0646        21       224    0.3856    0.9154    0.7686    0.6398   0.01129   0.01168  0.008996
   114/499        0G   0.02144   0.03269   0.01296   0.06708        22       224    0.3819    0.9253    0.7794    0.6236    0.0123   0.01192  0.008822
   115/499        0G   0.02144   0.03197   0.01272   0.06613        29       224    0.3862    0.9064    0.7793    0.6605   0.01091   0.01166  0.008876
   116/499        0G   0.02144   0.03397   0.01228   0.06769        18       224    0.3957    0.9277    0.7896    0.6405   0.01167   0.01161  0.008999
   117/499        0G   0.02194    0.0331   0.01242   0.06745        33       224    0.4032    0.9324    0.7826    0.6557    0.0108   0.01175  0.008862
   118/499        0G   0.02205   0.03238   0.01245   0.06689        23       224     0.398    0.9036    0.7833    0.6458    0.0109   0.01149  0.008865
   119/499        0G   0.02172   0.03399   0.01195   0.06766        24       224    0.4118    0.9123    0.7925    0.6658   0.01069   0.01172  0.008556
   120/499        0G   0.02181   0.03371   0.01243   0.06794        29       224    0.4121    0.9375    0.7932    0.6438   0.01203   0.01164  0.008656
   121/499        0G   0.02126   0.03431   0.01233    0.0679        40       224    0.4116    0.9383    0.7989     0.666   0.01053    0.0118  0.008434
   122/499        0G   0.02115   0.03476   0.01191   0.06782        26       224     0.414    0.9481    0.7959    0.6581   0.01069   0.01187  0.008388
   123/499        0G   0.01997   0.03054   0.01198   0.06249        20       224    0.4277    0.9335    0.7926    0.6488   0.01082   0.01181  0.008425
   124/499        0G   0.02125   0.03382   0.01203    0.0671        22       224    0.4061    0.9335    0.7966    0.6721    0.0108   0.01183  0.008485
   125/499        0G   0.02105   0.03375   0.01184   0.06664        39       224    0.3895     0.923    0.7891     0.664   0.01172   0.01197  0.008629
   126/499        0G   0.02134    0.0324     0.012   0.06574        21       224    0.4101    0.9083    0.7983    0.6658   0.01077   0.01182  0.008451
   127/499        0G   0.02116   0.03349   0.01156    0.0662        41       224    0.4005     0.943     0.796    0.6345   0.01141    0.0122  0.008352
   128/499        0G   0.02106   0.03206   0.01151   0.06463        23       224    0.4126    0.9307    0.8003    0.6853   0.01089   0.01174  0.008193
   129/499        0G   0.02156   0.03434   0.01159   0.06749        41       224    0.4264    0.9205    0.7953    0.6369   0.01148    0.0118  0.008116
   130/499        0G   0.02084   0.03352    0.0115   0.06586        31       224    0.3995    0.9311    0.7957    0.6569     0.011   0.01222  0.008048
   131/499        0G   0.02057   0.03362   0.01146   0.06565        37       224    0.4046    0.9157    0.7904    0.6558   0.01118   0.01205  0.008103
   132/499        0G   0.02032   0.03385    0.0115   0.06567        23       224    0.4144    0.9104    0.7771    0.6589   0.01101   0.01185  0.008236
   133/499        0G   0.02068   0.03331   0.01148   0.06547        52       224    0.4252    0.9229    0.7772    0.6347    0.0113   0.01194   0.00835
   134/499        0G   0.02113   0.03434   0.01144    0.0669        40       224    0.4184    0.9284    0.7953    0.6425   0.01161   0.01207  0.008187
   135/499        0G   0.02076   0.03434   0.01132   0.06642        43       224    0.4168    0.9284     0.796    0.6626   0.01096   0.01204  0.008019
   136/499        0G   0.02083    0.0323    0.0114   0.06452        36       224    0.4388    0.9332    0.8042    0.6595     0.011   0.01195  0.007821
   137/499        0G   0.01992   0.03084   0.01139   0.06215        34       224    0.4398     0.926    0.8034    0.6583   0.01119   0.01194  0.007904
   138/499        0G   0.02109   0.03378    0.0111   0.06598        30       224    0.4328    0.9335     0.805    0.6714   0.01069     0.012  0.007779
   139/499        0G   0.02056   0.03198   0.01059   0.06313        24       224    0.4303    0.9326    0.7898    0.6486   0.01181    0.0122  0.007888
   140/499        0G   0.02125   0.03228   0.01112   0.06465        24       224    0.4322    0.9398    0.8033    0.6627   0.01083   0.01208   0.00778
   141/499        0G   0.02028   0.03105    0.0108   0.06213        35       224    0.4317    0.9383    0.8129    0.6509   0.01097   0.01232   0.00762
   142/499        0G   0.02024   0.03119   0.01099   0.06242        46       224    0.4143    0.9335    0.8111    0.6607   0.01156   0.01214  0.007682
   143/499        0G   0.02046    0.0341   0.01101   0.06558        38       224    0.4241    0.9319    0.7929    0.6598   0.01079   0.01221  0.007687
   144/499        0G   0.01947   0.03028    0.0109   0.06066        30       224    0.4469    0.9302    0.8048    0.6681   0.01076    0.0119  0.007688
   145/499        0G    0.0194   0.02954   0.01078   0.05973        35       224    0.4286    0.9106    0.7922    0.6561   0.01081    0.0122  0.007607
   146/499        0G   0.02111   0.03315   0.01104    0.0653        17       224    0.4335    0.9174    0.7932    0.6616   0.01076   0.01226  0.007725
   147/499        0G   0.02031   0.03298   0.01066   0.06395        21       224    0.4441    0.9174    0.8083    0.6923   0.01034   0.01206  0.007554
   148/499        0G   0.01965   0.03237   0.01043   0.06246        29       224    0.4361    0.9208      0.82    0.6975   0.01017   0.01192  0.007683
   149/499        0G    0.0199   0.03308   0.01068   0.06366        19       224    0.4273    0.9335    0.8124    0.6692   0.01058   0.01218   0.00749
   150/499        0G    0.0197   0.03187   0.01067   0.06224        33       224    0.4346    0.9335    0.8248    0.6916    0.0106   0.01213   0.00736
   151/499        0G    0.0199   0.03304   0.01074   0.06367        26       224     0.426    0.9332    0.8305    0.6982   0.01021   0.01202  0.007214
   152/499        0G    0.0194   0.02984   0.01078   0.06002        23       224    0.4346    0.9329    0.8331    0.6867   0.01115   0.01195  0.007207
   153/499        0G   0.01942   0.03356   0.01041   0.06338        29       224    0.4411    0.9253    0.8199     0.684   0.01099   0.01208  0.007286
   154/499        0G   0.02027     0.032    0.0103   0.06257        29       224    0.4464    0.9263    0.8236    0.6993   0.01051   0.01174  0.007433
   155/499        0G   0.01992   0.03128    0.0102    0.0614        21       224    0.4447    0.9229    0.8238    0.7005   0.01015   0.01195  0.007288
   156/499        0G   0.01998   0.03097   0.01056   0.06151        23       224     0.429    0.9335    0.8304    0.6802   0.01102   0.01188  0.007099
   157/499        0G   0.01991    0.0323   0.01035   0.06256        18       224    0.4264    0.9335    0.8343    0.7004   0.01043   0.01237  0.007079
   158/499        0G   0.01991   0.03222   0.01006   0.06219        31       224    0.4333    0.9328    0.8411     0.678   0.01108   0.01247  0.007072
   159/499        0G   0.01936   0.03515   0.01018   0.06468        23       224      0.42    0.9304    0.8349     0.689   0.01059   0.01234  0.007213
   160/499        0G   0.01973   0.03259   0.01014   0.06246        26       224    0.4367    0.9178    0.8235    0.6952   0.01067   0.01201  0.007413
   161/499        0G   0.01947   0.03002   0.01024   0.05973        30       224    0.4541    0.9304    0.8297    0.7006   0.01076   0.01183  0.007394
   162/499        0G   0.01969    0.0312   0.01007   0.06096        31       224    0.4304    0.9335     0.834    0.6856   0.01069   0.01215    0.0073
   163/499        0G   0.01994   0.03294   0.01044   0.06332        35       224    0.4618    0.9395     0.845    0.7071   0.01038   0.01176   0.00723
   164/499        0G   0.01893   0.03161   0.01022   0.06076        23       224    0.4662    0.9472    0.8517    0.7183   0.01045   0.01199  0.007272
   165/499        0G   0.01957   0.03042   0.01017   0.06017        23       224    0.4509    0.9322    0.8459    0.7319   0.01023   0.01186  0.007176
   166/499        0G   0.01966   0.03273  0.009659   0.06204        24       224    0.4484    0.9382    0.8401    0.6867   0.01069   0.01198  0.007117
   167/499        0G   0.02009   0.03306   0.01023   0.06338        29       224    0.4391    0.9403    0.8496    0.7201   0.01077   0.01166  0.006994
   168/499        0G   0.02083   0.03276   0.01014   0.06373        35       224    0.4499    0.9363    0.8459    0.6727   0.01109   0.01245  0.007191
   169/499        0G   0.02009    0.0332   0.01014   0.06343        26       224     0.446    0.9359    0.8426    0.7213   0.01063   0.01213  0.007206
   170/499        0G   0.02019   0.03229  0.009982   0.06246        21       224     0.455    0.9308    0.8545    0.6902   0.01146   0.01213  0.007055
   171/499        0G   0.02114   0.03417   0.01033   0.06564        25       224     0.435    0.9418     0.851    0.7132   0.01099   0.01201  0.007288
   172/499        0G   0.02018    0.0315  0.009859   0.06154        29       224    0.4581    0.9308    0.8519      0.71   0.01076   0.01206  0.007202
   173/499        0G   0.01885   0.03158   0.01006    0.0605        33       224    0.4495    0.9407    0.8605    0.7063   0.01066   0.01211  0.006975
   174/499        0G    0.0198    0.0336  0.009888   0.06328        38       224     0.457    0.9407    0.8687    0.7344   0.01034   0.01207   0.00697
   175/499        0G   0.01895   0.03088  0.009543   0.05937        29       224    0.4494    0.9253    0.8482    0.7163    0.0109   0.01253  0.006967
   176/499        0G   0.01962   0.03168  0.009293    0.0606        29       224    0.4318    0.9173    0.8475    0.7252    0.0103   0.01213  0.007045
   177/499        0G   0.01905   0.03092  0.008872   0.05884        23       224    0.4641    0.9356    0.8635    0.7013   0.01093   0.01227  0.006888
   178/499        0G    0.0191   0.03093  0.009733   0.05977        23       224    0.4824    0.9237    0.8563    0.7124   0.01058   0.01216   0.00682
   179/499        0G   0.01967   0.03269  0.009762   0.06212        24       224     0.455    0.9206    0.8505    0.7102   0.01084   0.01223  0.006951
   180/499        0G   0.01907   0.03118  0.009536   0.05979        32       224    0.4512    0.9206    0.8633    0.7178   0.01088   0.01209   0.00686
   181/499        0G   0.01911   0.03006   0.00923    0.0584        31       224    0.4567     0.928    0.8514    0.7134   0.01027   0.01213   0.00687
   182/499        0G   0.01901   0.02872  0.009175    0.0569        17       224    0.4747    0.9359    0.8632    0.7262   0.01032   0.01227  0.006887
   183/499        0G   0.01954   0.03252  0.009363   0.06142        44       224    0.4675    0.9308    0.8667    0.7132   0.01054   0.01208  0.006836
   184/499        0G   0.01932   0.03027  0.009411   0.05899        26       224    0.4761     0.941    0.8774    0.7316   0.01029   0.01196  0.006736
   185/499        0G    0.0181   0.02975  0.009591   0.05743        31       224    0.4612    0.9359    0.8677    0.7247   0.01035   0.01217  0.006734
   186/499        0G   0.01886   0.03091  0.009707   0.05948        32       224     0.492    0.9356      0.86    0.7081   0.01083   0.01217  0.006971
   187/499        0G   0.01908   0.03074   0.00945   0.05927        35       224    0.4729    0.9308    0.8594    0.7293   0.01023    0.0118  0.006998
   188/499        0G   0.01947   0.03159   0.00961   0.06067        35       224    0.4644    0.9304    0.8576    0.7256   0.01003   0.01203  0.006747
   189/499        0G    0.0186   0.03025  0.009324   0.05817        26       224    0.4748    0.9304    0.8642    0.7331   0.01032    0.0117  0.006818
   190/499        0G   0.01877   0.03016  0.009038   0.05797        28       224    0.4651    0.9469    0.8815    0.7435   0.01012   0.01183  0.006649
   191/499        0G   0.01854    0.0299  0.009251   0.05769        41       224    0.4802    0.9407    0.8801    0.7513  0.009961   0.01182  0.006625
   192/499        0G    0.0189   0.03019  0.009039   0.05813        17       224    0.4577    0.9359    0.8749    0.7457   0.01013   0.01207  0.006533
   193/499        0G   0.01915   0.02968  0.008922   0.05775        26       224    0.4725    0.9301    0.8789    0.7197   0.01075   0.01205  0.006605
   194/499        0G   0.01903   0.03185  0.009157   0.06004        34       224    0.4734    0.9253    0.8606    0.7287   0.01038    0.0121  0.006673
   195/499        0G   0.01881   0.03275  0.008898   0.06046        33       224    0.4817    0.9308    0.8628    0.7304   0.01049    0.0119  0.006436
   196/499        0G   0.01949   0.03109  0.009001   0.05959        35       224    0.4848    0.9397    0.8649    0.7342   0.01045   0.01179  0.006463
   197/499        0G   0.01878   0.03083  0.008591    0.0582        38       224    0.4946    0.9315    0.8509    0.7013     0.011   0.01256  0.006573
   198/499        0G   0.01905   0.03271  0.009001   0.06076        40       224    0.4636    0.9206     0.861    0.7296   0.01061   0.01227  0.006538
   199/499        0G   0.01887   0.03146  0.009164   0.05949        24       224    0.4709    0.9346    0.8711    0.7428    0.0105   0.01199  0.006443
   200/499        0G   0.01929   0.03022  0.009114   0.05862        29       224    0.4705    0.9363    0.8762    0.7395    0.0101   0.01179  0.006482
   201/499        0G   0.01929   0.02987  0.008539    0.0577        25       224    0.4725    0.9363    0.8557    0.7284   0.01011   0.01183  0.006323
   202/499        0G   0.01974   0.03419  0.009684   0.06362        30       224    0.4792    0.9312    0.8587    0.7225   0.01038   0.01223  0.006001
   203/499        0G    0.0188   0.03133  0.008433   0.05857        47       224    0.4869    0.9363    0.8825    0.7628   0.01028   0.01207  0.006028
   204/499        0G    0.0187   0.03086  0.009098   0.05867        21       224    0.4741    0.9312    0.8867    0.7442   0.01042   0.01236  0.006214
   205/499        0G   0.01881   0.03115  0.008735    0.0587        39       224    0.4857     0.911    0.8815    0.7639   0.01023   0.01217  0.006279
   206/499        0G   0.01851   0.03106  0.008985   0.05855        30       224    0.4815    0.9229    0.8875    0.7552   0.01033   0.01226  0.006092
   207/499        0G   0.01963   0.03365  0.008994   0.06227        27       224    0.4736    0.9284    0.8892    0.7451   0.01032   0.01253  0.006027
   208/499        0G   0.01881   0.03027  0.008123   0.05721        33       224    0.4866    0.9158    0.8763    0.7438    0.0101   0.01238   0.00604
   209/499        0G   0.01836   0.02909  0.008287   0.05573        21       224    0.4722    0.9229     0.878    0.7627    0.0101   0.01137  0.006038
   210/499        0G   0.01809    0.0319  0.008561   0.05854        36       224    0.4692    0.9158    0.8593    0.7311   0.01041    0.0124  0.006486
   211/499        0G   0.01888   0.03207  0.008558   0.05951        33       224    0.4689    0.9055    0.8622    0.7238   0.01018    0.0123    0.0065
   212/499        0G   0.01834    0.0281   0.00865   0.05509        14       224    0.4915    0.9099    0.8755    0.7448   0.01021   0.01239   0.00639
   213/499        0G   0.01849   0.03064  0.008468    0.0576        24       224    0.4846    0.9229    0.8663    0.7284   0.01014   0.01257  0.006096
   214/499        0G   0.01885   0.03112  0.008608   0.05858        18       224    0.4696     0.926    0.8586    0.7341   0.01015    0.0128  0.006079
   215/499        0G   0.01878   0.03241  0.008441   0.05963        46       224    0.4802    0.9178    0.8725    0.7314   0.01042   0.01252  0.006172
   216/499        0G   0.01903   0.03187  0.009192   0.06009        46       224    0.4743    0.9201    0.8676    0.7337   0.01041    0.0124  0.006318
   217/499        0G   0.01833    0.0316  0.008519   0.05845        25       224    0.4923    0.9154    0.8665    0.7433  0.009855   0.01235  0.006378
   218/499        0G   0.01773   0.02858  0.008153   0.05446        29       224    0.4949    0.9154    0.8629    0.7179   0.01021   0.01253  0.006306
   219/499        0G   0.01868   0.03008  0.008313   0.05707        20       224    0.4905    0.9158    0.8762    0.7609  0.009917   0.01219  0.006105
   220/499        0G   0.01794    0.0306  0.008006   0.05655        32       224    0.5005    0.9205    0.8603     0.754  0.009876   0.01196  0.006178
   221/499        0G   0.01912   0.03264  0.008447   0.06021        28       224    0.4903    0.9106    0.8621    0.7245   0.01052   0.01219  0.006425
   222/499        0G   0.01868   0.02916  0.008326   0.05617        28       224    0.4941    0.9129    0.8533    0.7257   0.01065   0.01233  0.006303
   223/499        0G   0.01888   0.03156  0.008382   0.05883        33       224    0.4904    0.9181    0.8453     0.731   0.01007   0.01194  0.006323
   224/499        0G    0.0173   0.02685  0.007713   0.05186        25       224    0.5139    0.9257    0.8656    0.7224    0.0105   0.01235  0.006025
   225/499        0G    0.0189   0.03083  0.008302   0.05803        28       224    0.5201     0.911    0.8753    0.7675  0.009737   0.01208  0.005876
   226/499        0G   0.01793   0.03051  0.008267   0.05671        33       224     0.504    0.9185     0.876    0.7522   0.01004   0.01254  0.005934
   227/499        0G   0.01825    0.0287  0.008786   0.05573        24       224     0.496     0.911    0.8755    0.7543   0.01031   0.01221  0.006135
   228/499        0G   0.01819   0.03074  0.007848   0.05679        24       224    0.5143    0.9161    0.8707    0.7399   0.01012   0.01256  0.005867
   229/499        0G   0.01772   0.02835  0.007343   0.05341        23       224    0.5271     0.918    0.8833    0.7523   0.01025   0.01223  0.005848
   230/499        0G   0.01856   0.02999  0.008365   0.05691        24       224    0.5338    0.9236    0.8637    0.7351   0.01015   0.01205  0.005898
   231/499        0G   0.01732   0.03015  0.007953   0.05542        39       224    0.5291     0.911    0.8619     0.738   0.01023   0.01258  0.006052
   232/499        0G   0.01725   0.03038  0.007426   0.05506        40       224    0.5119    0.9055    0.8857    0.7688  0.009925    0.0123  0.005994
   233/499        0G   0.01808   0.03177   0.00846   0.05831        35       224    0.5077       0.9    0.8732    0.7424   0.01011   0.01233  0.005937
   234/499        0G   0.01785   0.02998  0.007972    0.0558        24       224    0.5316    0.9055    0.8613    0.7307   0.01019   0.01202   0.00623
   235/499        0G   0.01785   0.03083  0.008339   0.05702        16       224    0.5323     0.911    0.8529    0.7361   0.01052   0.01243   0.00616
   236/499        0G   0.01863   0.03116  0.008047   0.05783        31       224    0.5206     0.911    0.8569    0.7386   0.01005   0.01238  0.005831
   237/499        0G   0.01924   0.03325   0.00842   0.06092        23       224    0.5237     0.911    0.8613    0.7514  0.009885   0.01239  0.005572
   238/499        0G   0.01798   0.03006  0.008195   0.05624        31       224    0.5414    0.9144    0.8727    0.7496  0.009781   0.01214   0.00559
   239/499        0G   0.01743   0.03052  0.007737   0.05569        37       224     0.531    0.9055    0.8761    0.7467   0.01018   0.01227  0.005732
   240/499        0G   0.01861   0.03257  0.008113   0.05929        34       224    0.5221     0.911    0.8527    0.7319  0.009944   0.01236   0.00589
   241/499        0G   0.01734   0.03057   0.00796   0.05587        27       224    0.5124     0.911    0.8542    0.7395  0.009855   0.01256  0.005849
   242/499        0G    0.0184   0.03278  0.007989   0.05917        25       224    0.5164    0.9158    0.8728    0.7446   0.01011    0.0124  0.005762
   243/499        0G   0.01803   0.03111  0.007899   0.05704        19       224    0.5177    0.9055    0.8696    0.7368      0.01   0.01229  0.005792
   244/499        0G    0.0178   0.03043    0.0077   0.05593        42       224    0.5223     0.911    0.8588    0.7235  0.009877   0.01243  0.005647
   245/499        0G   0.01807    0.0297  0.007573   0.05534        29       224    0.5255    0.9161    0.8721    0.7389   0.01004   0.01237  0.005608
   246/499        0G   0.01822   0.02989  0.007491   0.05561        32       224    0.5258    0.9212    0.8714    0.7453   0.01014   0.01224   0.00559
   247/499        0G   0.01776   0.02868  0.007642   0.05407        23       224    0.5289    0.9363    0.8751     0.748  0.009914   0.01204  0.005406
   248/499        0G   0.01875   0.03111  0.007762   0.05762        35       224    0.5183     0.925    0.8604    0.7334  0.009781   0.01224  0.005445
   249/499        0G   0.01762   0.03111  0.007785   0.05652        39       224    0.5216    0.9165    0.8601      0.74  0.009654   0.01225  0.005531
   250/499        0G   0.01797   0.03204  0.007075   0.05709        45       224    0.5329     0.924    0.8675    0.7258    0.0101   0.01236  0.005468
   251/499        0G   0.01807   0.02919  0.007832    0.0551        20       224    0.5357    0.9152    0.8724    0.7322   0.01025   0.01239  0.005624
   252/499        0G    0.0187    0.0317  0.007882   0.05828        28       224    0.5315     0.911    0.8623    0.7398  0.009833   0.01236  0.005491
   253/499        0G   0.01758   0.03173  0.007562   0.05687        48       224    0.5198     0.911    0.8619    0.7355  0.009865   0.01249  0.005548
   254/499        0G   0.01653   0.02714  0.007005   0.05067        28       224    0.5409     0.911    0.8565     0.747  0.009695   0.01211   0.00595
   255/499        0G   0.01721   0.03024  0.007177   0.05463        35       224     0.526     0.909    0.8566    0.7355   0.01004   0.01243  0.005732
   256/499        0G   0.01876   0.03209  0.007972   0.05882        44       224    0.5369     0.911    0.8708     0.737   0.01011   0.01236  0.005652
   257/499        0G   0.01816   0.03266  0.007692   0.05851        44       224    0.5297    0.9161     0.873    0.7579  0.009676   0.01239  0.005571
   258/499        0G   0.01814   0.03159  0.008043   0.05777        14       224    0.5509    0.9063    0.8585    0.7323   0.01007   0.01247  0.005656
   259/499        0G   0.01694   0.02963  0.006948   0.05351        29       224    0.5608    0.9063    0.8646    0.7491  0.009811   0.01217  0.005584
   260/499        0G   0.01789   0.03044  0.007376   0.05571        21       224    0.5489     0.911    0.8585    0.7352   0.01014   0.01229  0.005542
   261/499        0G     0.018   0.02957   0.00728   0.05485        27       224     0.525     0.911    0.8775    0.7649  0.009759   0.01187  0.005479
   262/499        0G   0.01776   0.03063  0.007703   0.05609        42       224    0.5242    0.9099    0.8578    0.7377  0.009998   0.01248  0.005683
   263/499        0G   0.01712   0.03037  0.007601   0.05509        24       224    0.5466     0.911    0.8541    0.7321  0.009999   0.01257  0.005639
   264/499        0G   0.01859   0.03225  0.007267    0.0581        46       224     0.551     0.911    0.8622    0.7517  0.009849   0.01235  0.005529
   265/499        0G   0.01743   0.02807  0.007491   0.05299        42       224    0.5643     0.911    0.8588    0.7346   0.01003   0.01252  0.005531
   266/499        0G   0.01805   0.03011  0.007373   0.05554        31       224    0.5592     0.911    0.8542    0.7259   0.01028   0.01228  0.005561
   267/499        0G   0.01745   0.02826   0.00733   0.05304        23       224    0.5549    0.9063    0.8576    0.7321   0.01016   0.01242  0.005494
   268/499        0G   0.01748    0.0284  0.007355   0.05323        24       224    0.5342     0.911    0.8627    0.7504  0.009954   0.01248  0.005401
   269/499        0G   0.01776   0.03056  0.007552   0.05587        24       224    0.5535    0.9055    0.8608    0.7481  0.009956   0.01209  0.005532
   270/499        0G    0.0178   0.02924  0.006943   0.05398        46       224    0.5554     0.911    0.8616    0.7363    0.0103   0.01247  0.005527
   271/499        0G   0.01708   0.02922   0.00721   0.05352        28       224    0.5458    0.9161    0.8583    0.7291   0.01021    0.0126  0.005495
   272/499        0G   0.01786   0.03181  0.007569   0.05723        36       224    0.5504    0.9114    0.8535    0.7208   0.01017   0.01268   0.00539
   273/499        0G   0.01817   0.03025  0.007308   0.05573        30       224    0.5606     0.911    0.8647    0.7357   0.01001   0.01251  0.005543
   274/499        0G   0.01738   0.02891  0.007012    0.0533        27       224    0.5663    0.9063    0.8575    0.7338  0.009918   0.01236  0.005476
   275/499        0G   0.01672   0.02826  0.006955   0.05194        23       224    0.5628     0.911    0.8643    0.7268  0.009913   0.01247  0.005369
   276/499        0G   0.01683   0.02742  0.006965   0.05122        22       224    0.5582     0.911    0.8607    0.7249  0.009971    0.0124  0.005361
   277/499        0G     0.017   0.02818  0.007039   0.05222        31       224    0.5677    0.9212    0.8654    0.7293   0.01008   0.01234  0.005399
   278/499        0G   0.01732   0.03012  0.007152   0.05459        29       224    0.5527    0.9161    0.8679    0.7362  0.009781   0.01254  0.005349
   279/499        0G   0.01767   0.03031  0.007319    0.0553        28       224    0.5744    0.9161    0.8669    0.7468  0.009809   0.01234  0.005232
   280/499        0G   0.01738   0.02973  0.007317   0.05442        31       224    0.5571    0.9154    0.8714    0.7437   0.01004    0.0123   0.00525
   281/499        0G    0.0177   0.03092  0.007254   0.05588        24       224    0.5721    0.9063    0.8661    0.7373   0.01009   0.01263  0.005425
   282/499        0G   0.01758   0.02893  0.007175   0.05368        33       224    0.5649    0.9063    0.8638    0.7353  0.009946   0.01265  0.005338
   283/499        0G   0.01775   0.03136  0.007694    0.0568        41       224    0.5611     0.911    0.8688    0.7374  0.009836   0.01255   0.00524
   284/499        0G   0.01751   0.03103  0.007319   0.05586        33       224    0.5556     0.911    0.8694    0.7577  0.009685   0.01237  0.005445
   285/499        0G   0.01722   0.03114  0.006796   0.05516        37       224    0.5768     0.911    0.8571    0.7369  0.009845   0.01238  0.005462
   286/499        0G   0.01696   0.02831  0.007025    0.0523        22       224     0.555     0.911    0.8637    0.7504  0.009695   0.01242   0.00532
   287/499        0G   0.01716    0.0281   0.00666   0.05192        24       224    0.5586    0.9161    0.8689    0.7503  0.009732   0.01219  0.005151
   288/499        0G    0.0183   0.03201  0.007941   0.05825        19       224    0.5664    0.9161    0.8631    0.7395  0.009919   0.01239   0.00527
   289/499        0G   0.01719    0.0289  0.007396   0.05349        19       224    0.5752    0.9161     0.869    0.7298   0.01014   0.01247  0.005276
   290/499        0G   0.01722   0.02872  0.007274   0.05321        25       224    0.5737     0.911    0.8583    0.7318  0.009977   0.01253  0.005233
   291/499        0G   0.01784   0.02904  0.006907   0.05379        41       224    0.5525     0.911    0.8626    0.7385  0.009805   0.01238  0.005192
   292/499        0G   0.01708   0.02854  0.007115   0.05274        32       224    0.5613    0.9205    0.8587    0.7326  0.009936   0.01245  0.005297
   293/499        0G   0.01734   0.03072  0.007066   0.05513        34       224    0.5781     0.911    0.8596     0.735    0.0102    0.0125  0.005469
   294/499        0G   0.01704   0.02951  0.007178   0.05373        28       224    0.6124    0.9161    0.8584    0.7418  0.009908   0.01248  0.005337
   295/499        0G   0.01719   0.02817   0.00675   0.05211        24       224       0.6    0.9161    0.8665    0.7485  0.009887    0.0123  0.005304
   296/499        0G   0.01701   0.02959  0.007011   0.05361        43       224    0.5915    0.9161    0.8657    0.7542   0.00979   0.01217  0.005339
   297/499        0G   0.01693   0.02983   0.00691   0.05367        32       224    0.6007    0.9161    0.8681    0.7461  0.009851   0.01239  0.005155
   298/499        0G   0.01776   0.03107  0.007065   0.05589        62       224    0.5967    0.9161    0.8669    0.7365   0.01013   0.01244  0.005256
   299/499        0G   0.01689   0.02992  0.006752   0.05356        39       224    0.5796    0.9076    0.8555    0.7397   0.01027   0.01235    0.0053
   300/499        0G   0.01751   0.02879  0.006997   0.05329        25       224     0.569     0.911    0.8562    0.7451   0.01028    0.0121  0.005325
   301/499        0G   0.01601   0.02731  0.006124   0.04944        30       224    0.5895     0.911    0.8552    0.7452   0.01012   0.01229  0.005338
   302/499        0G    0.0166   0.02896  0.007153   0.05271        31       224    0.5797     0.911    0.8595      0.75   0.01014   0.01206  0.005242
   303/499        0G   0.01773   0.03221  0.007102   0.05704        35       224    0.5914     0.911    0.8625    0.7421    0.0103   0.01217  0.005492
   304/499        0G   0.01735   0.02791  0.006716   0.05198        26       224    0.5989     0.911    0.8658    0.7516    0.0103   0.01217  0.005453
   305/499        0G   0.01715   0.02958   0.00705   0.05377        35       224    0.5876     0.911    0.8688    0.7547  0.009896    0.0122  0.005363
   306/499        0G   0.01652   0.02924   0.00654   0.05229        30       224    0.5965    0.9063    0.8692    0.7624  0.009853   0.01227  0.005406
   307/499        0G   0.01729   0.02908  0.007238   0.05361        26       224    0.5866    0.9015    0.8616    0.7457   0.01005   0.01222  0.005504
   308/499        0G   0.01703   0.02827   0.00692   0.05222        25       224    0.5907    0.9015    0.8575    0.7373   0.01014   0.01233  0.005535
   309/499        0G   0.01664   0.02784  0.006788   0.05127        16       224    0.5787    0.9008    0.8576    0.7441  0.009832    0.0124  0.005604
   310/499        0G   0.01701   0.02855  0.006523   0.05208        47       224    0.5923    0.8953    0.8526    0.7447  0.009869   0.01238  0.005532
   311/499        0G   0.01637    0.0279  0.006748   0.05102        24       224    0.5847    0.9011    0.8613     0.762  0.009741   0.01213  0.005431
   312/499        0G   0.01654    0.0275  0.007062    0.0511        44       224    0.5967    0.9063    0.8652    0.7528  0.009607    0.0124  0.005421
   313/499        0G   0.01635   0.02862  0.006539   0.05151        33       224    0.5967    0.9063    0.8633    0.7577  0.009505   0.01243  0.005385
   314/499        0G   0.01636   0.02962  0.006165   0.05215        29       224    0.6017    0.9063    0.8692    0.7588   0.00974   0.01247   0.00528
   315/499        0G   0.01673   0.02878  0.006602   0.05211        28       224    0.6128    0.9063    0.8702    0.7551   0.01004   0.01238  0.005277
   316/499        0G   0.01635   0.02783  0.006462   0.05064        30       224    0.6276    0.9063    0.8668    0.7485   0.01008   0.01243  0.005345
   317/499        0G   0.01611   0.02641  0.006582    0.0491        26       224    0.5917    0.9063    0.8562    0.7453   0.01003   0.01221  0.005296
   318/499        0G   0.01662   0.02864  0.007129   0.05239        25       224    0.5839    0.9063    0.8602     0.746  0.009969   0.01256  0.005368
   319/499        0G   0.01755   0.02932  0.006794   0.05367        31       224    0.6067    0.9107    0.8603    0.7444   0.01012    0.0126  0.005412
   320/499        0G   0.01636   0.02948  0.006746   0.05259        33       224    0.5885    0.9008    0.8636     0.748      0.01   0.01247  0.005552
   321/499        0G   0.01732   0.02909  0.006903   0.05332        21       224    0.5889    0.9008    0.8672    0.7585   0.00991   0.01261  0.005503
   322/499        0G   0.01743   0.02923  0.006937   0.05359        38       224    0.5801    0.9008    0.8567    0.7501  0.009825   0.01274  0.005612
   323/499        0G   0.01676   0.02945  0.006703   0.05291        37       224     0.596    0.9008    0.8554    0.7302   0.01006   0.01301  0.005491
   324/499        0G   0.01731   0.03159  0.006738   0.05564        26       224    0.5832    0.9008    0.8534    0.7361  0.009865   0.01289  0.005316
   325/499        0G   0.01677   0.02935  0.006834   0.05295        37       224    0.5816    0.9063    0.8647    0.7458  0.009727   0.01267  0.005203
   326/499        0G   0.01651   0.02819  0.006329   0.05103        29       224    0.5909    0.9063    0.8719    0.7575  0.009674   0.01248  0.005148
   327/499        0G   0.01566   0.02805  0.006284   0.04999        24       224    0.5956    0.9063    0.8572    0.7421  0.009805   0.01271  0.005294
   328/499        0G   0.01581   0.02897  0.006565   0.05134        26       224    0.5819     0.896    0.8541    0.7362   0.00953   0.01271   0.00534
   329/499        0G    0.0162   0.02769  0.006744   0.05064        23       224    0.5739     0.899    0.8543    0.7368  0.009546   0.01269  0.005381
   330/499        0G   0.01689   0.03058  0.006803   0.05427        50       224    0.5764    0.8973    0.8557    0.7438  0.009527   0.01254  0.005306
   331/499        0G   0.01643   0.02969  0.006772    0.0529        26       224    0.5877     0.911    0.8604    0.7502  0.009651   0.01255  0.005404
   332/499        0G   0.01625   0.02926  0.006605   0.05211        37       224    0.6048    0.9063    0.8699    0.7587  0.009788   0.01265  0.005502
   333/499        0G   0.01631   0.02896  0.006138   0.05141        39       224    0.5876    0.9063    0.8685    0.7527   0.01008   0.01275  0.005434
   334/499        0G   0.01621   0.02673  0.006809   0.04974        22       224    0.6083    0.9063    0.8602    0.7577  0.009891   0.01287  0.005338
   335/499        0G   0.01656   0.02753  0.006374   0.05047        16       224    0.6121    0.9063    0.8588    0.7485  0.009714   0.01279  0.005334
   336/499        0G   0.01598   0.02886  0.006101   0.05094        33       224    0.5815    0.9063    0.8518    0.7364  0.009908   0.01292  0.005409
   337/499        0G   0.01655   0.02867  0.006659   0.05188        25       224    0.5924    0.9063    0.8528    0.7387  0.009912   0.01298  0.005338
   338/499        0G   0.01727   0.03062  0.006508    0.0544        27       224    0.5858    0.9015    0.8518    0.7336  0.009884   0.01276  0.005109
   339/499        0G   0.01644   0.02663  0.006904   0.04997        16       224    0.5949    0.9015    0.8535    0.7321   0.01007   0.01301  0.005363
   340/499        0G   0.01658   0.02939  0.006943   0.05292        27       224    0.6024    0.9063    0.8605    0.7412  0.009774    0.0131  0.005302
   341/499        0G   0.01638   0.02968  0.006667   0.05273        23       224    0.5967    0.9063    0.8735    0.7662  0.009642   0.01289  0.005229
   342/499        0G   0.01606   0.02939  0.006056   0.05151        42       224    0.5828    0.9063    0.8698    0.7589  0.009704   0.01285  0.005299
   343/499        0G   0.01659   0.02959  0.006546   0.05273        34       224    0.5842    0.9063    0.8655    0.7484  0.009525   0.01279  0.005373
   344/499        0G   0.01691   0.02899  0.006761   0.05266        27       224    0.5883    0.9063    0.8627    0.7536  0.009726   0.01281  0.005341
   345/499        0G   0.01698   0.02755  0.006694   0.05122        20       224    0.6208    0.9063    0.8634    0.7446  0.009908   0.01287  0.005391
   346/499        0G   0.01649    0.0282  0.006817   0.05151        25       224    0.6081    0.9063    0.8678    0.7414  0.009756   0.01288  0.005157
   347/499        0G   0.01561   0.02826  0.006153   0.05002        22       224     0.602    0.9063    0.8645    0.7466  0.009725   0.01292  0.005228
   348/499        0G   0.01724   0.02878  0.006673   0.05269        23       224    0.6162    0.9063    0.8637     0.742  0.009744   0.01293  0.005304
   349/499        0G   0.01679   0.02874  0.006188   0.05171        31       224    0.6028    0.9063    0.8658    0.7478  0.009729   0.01275  0.005426
   350/499        0G   0.01632   0.02803   0.00655   0.05091        29       224    0.6047    0.9063    0.8611    0.7456  0.009737   0.01276  0.005318
   351/499        0G   0.01684    0.0287  0.006827   0.05237        30       224    0.6079    0.9063     0.859    0.7379  0.009844   0.01266  0.005252
   352/499        0G   0.01691   0.02944  0.006874   0.05322        31       224     0.612    0.9071    0.8576    0.7421  0.009542   0.01263  0.005211
   353/499        0G   0.01641   0.02964  0.006142   0.05218        40       224    0.6083    0.9063     0.854     0.733  0.009522   0.01282  0.005183
   354/499        0G   0.01619   0.02834  0.006228   0.05076        29       224    0.6112    0.9063    0.8569    0.7363  0.009547   0.01288  0.005201
   355/499        0G   0.01735   0.03056  0.006274   0.05418        38       224    0.6088    0.9063    0.8598    0.7414  0.009409   0.01289    0.0051
   356/499        0G   0.01619   0.02892  0.005916   0.05103        33       224    0.6051    0.9063    0.8604     0.749  0.009337   0.01268  0.005154
   357/499        0G    0.0163   0.02806  0.006309   0.05067        21       224     0.609    0.9063    0.8581    0.7442   0.00947    0.0128  0.005073
   358/499        0G   0.01601   0.02787  0.005873   0.04976        30       224    0.6039    0.9063    0.8521    0.7416  0.009627   0.01296  0.005165
   359/499        0G    0.0164   0.02825  0.005911   0.05057        25       224    0.5992    0.9063    0.8538    0.7447  0.009507   0.01288  0.005056
   360/499        0G   0.01563   0.02829  0.006226   0.05015        32       224    0.5984    0.9063     0.856    0.7415  0.009576   0.01285  0.005137
   361/499        0G   0.01601   0.02946  0.006197   0.05167        27       224     0.593    0.9063     0.849    0.7416  0.009421   0.01308  0.005322
   362/499        0G   0.01606   0.02977  0.006374   0.05221        22       224    0.6096    0.9063    0.8497    0.7451  0.009496   0.01307  0.005209
   363/499        0G   0.01637   0.02842  0.006183   0.05098        21       224    0.6094    0.9063    0.8563    0.7442   0.00983   0.01303  0.005165
   364/499        0G   0.01609   0.02966  0.006536   0.05228        45       224    0.6189    0.9063    0.8562    0.7431  0.009727   0.01301  0.005224
   365/499        0G   0.01636   0.02998  0.006509   0.05285        38       224    0.6059    0.9063    0.8593     0.744  0.009666   0.01302  0.005232
   366/499        0G   0.01682   0.02959  0.006394   0.05281        34       224    0.6177    0.9043    0.8526    0.7392  0.009582   0.01296  0.005244
   367/499        0G   0.01636   0.02888  0.006154   0.05139        54       224    0.6172    0.9008    0.8515     0.746  0.009617   0.01285  0.005179
   368/499        0G   0.01653   0.02835  0.006689   0.05157        22       224    0.6178    0.9039    0.8499    0.7345  0.009945   0.01296  0.005322
   369/499        0G   0.01525   0.02756  0.005962   0.04877        36       224     0.618    0.9063    0.8505     0.737  0.009895   0.01296  0.005258
   370/499        0G   0.01639   0.02748  0.006659   0.05053        22       224    0.6307    0.9114    0.8516    0.7408  0.009678   0.01295  0.005038
   371/499        0G   0.01584   0.02844    0.0063   0.05058        27       224    0.6127    0.9165    0.8559    0.7314  0.009802   0.01297  0.005167
   372/499        0G   0.01655    0.0287  0.006334   0.05159        37       224    0.6114    0.9066    0.8551    0.7444  0.009768   0.01292  0.005153
   373/499        0G   0.01617   0.02776  0.006416   0.05034        27       224    0.6061    0.9063    0.8658    0.7547  0.009616    0.0129  0.005095
   374/499        0G    0.0163   0.02733  0.006446   0.05008        34       224    0.6125    0.9114    0.8566    0.7454  0.009563    0.0129  0.005168
   375/499        0G   0.01668   0.03017  0.006255    0.0531        34       224    0.6166    0.9114    0.8583    0.7372  0.009749   0.01283  0.005294
   376/499        0G   0.01591   0.02807  0.005901   0.04988        35       224     0.614    0.9114    0.8646    0.7498  0.009631   0.01274  0.005208
   377/499        0G   0.01674   0.02831  0.006431   0.05148        45       224    0.6247    0.9114    0.8659    0.7492  0.009703   0.01288  0.005116
   378/499        0G   0.01567   0.02662  0.006009   0.04829        29       224     0.627    0.9114    0.8646    0.7569  0.009526   0.01286  0.005086
   379/499        0G   0.01662    0.0281  0.005952   0.05067        24       224    0.6116    0.9063    0.8714    0.7532  0.009604   0.01289   0.00503
   380/499        0G   0.01724   0.03059  0.006928   0.05476        22       224    0.6273    0.9063    0.8742    0.7529  0.009812    0.0129  0.005152
   381/499        0G   0.01632   0.02811  0.005855   0.05028        32       224    0.6344    0.9114    0.8727    0.7649  0.009827   0.01279  0.005102
   382/499        0G   0.01581    0.0278  0.005689    0.0493        32       224    0.6248    0.9123    0.8679    0.7465  0.009864     0.013  0.005032
   383/499        0G     0.016   0.02804  0.006342   0.05039        46       224    0.6251    0.9114    0.8666    0.7476  0.009804   0.01295  0.005047
   384/499        0G   0.01648   0.02845  0.006079   0.05101        36       224    0.6283    0.9063    0.8625    0.7397  0.009919   0.01302  0.005081
   385/499        0G   0.01604   0.02737  0.006812   0.05021        22       224    0.6335    0.9063    0.8618    0.7426  0.009897   0.01306  0.005189
   386/499        0G   0.01554   0.02708  0.006294   0.04891        29       224    0.6478    0.9058    0.8609     0.746  0.009798   0.01295  0.005286
   387/499        0G   0.01562   0.02565  0.005921    0.0472        23       224    0.6341    0.9063    0.8597    0.7497  0.009764   0.01296  0.005208
   388/499        0G   0.01691    0.0278  0.006563   0.05127        27       224    0.6248    0.9015    0.8525    0.7439  0.009773    0.0131  0.005112
   389/499        0G   0.01593   0.02814  0.006528    0.0506        39       224    0.6147    0.9015     0.848    0.7318  0.009876   0.01323  0.005097
   390/499        0G   0.01697   0.02919  0.006231   0.05239        39       224    0.6178    0.9015    0.8477    0.7247  0.009878    0.0133  0.005051
   391/499        0G   0.01497   0.02727  0.005827   0.04807        32       224    0.6159    0.9015    0.8545    0.7423  0.009809   0.01314  0.005135
   392/499        0G   0.01612    0.0289  0.006078    0.0511        17       224    0.6292       0.9    0.8522    0.7501  0.009733   0.01287  0.005177
   393/499        0G   0.01531   0.02713  0.005844   0.04828        36       224    0.6283    0.9041    0.8561    0.7507  0.009612   0.01289   0.00517
   394/499        0G   0.01595   0.02678  0.006318   0.04905        30       224     0.636    0.9063    0.8516    0.7434    0.0098   0.01314  0.005048
   395/499        0G   0.01574   0.02736  0.006388   0.04948        29       224    0.6331    0.9063    0.8551    0.7409  0.009853   0.01314  0.004996
   396/499        0G   0.01561   0.02794  0.005427   0.04898        34       224    0.6329    0.9015     0.855     0.739  0.009766   0.01314  0.005051
   397/499        0G    0.0162   0.02901  0.005879   0.05109        39       224    0.6332    0.9063    0.8548    0.7426  0.009675   0.01305  0.005146
   398/499        0G   0.01615   0.02833  0.006333   0.05082        32       224    0.6358    0.9063    0.8523    0.7472  0.009626   0.01306  0.005117
   399/499        0G   0.01573   0.02734  0.006402   0.04947        29       224    0.6389    0.9063    0.8514    0.7464  0.009542   0.01298   0.00511
   400/499        0G   0.01563   0.02683  0.006036    0.0485        26       224    0.6314    0.9063    0.8538    0.7432  0.009633   0.01288  0.005065
   401/499        0G   0.01686   0.02883  0.006504   0.05219        29       224    0.6159    0.9063    0.8596     0.752  0.009549   0.01273  0.005095
   402/499        0G   0.01586   0.02859  0.005861   0.05032        42       224    0.6316    0.9063    0.8515    0.7457  0.009757   0.01287  0.005267
   403/499        0G   0.01578   0.02696  0.005801   0.04854        29       224    0.6226    0.9063    0.8533    0.7448  0.009822   0.01291  0.005343
   404/499        0G   0.01659   0.02936  0.005865   0.05182        37       224     0.622    0.9063    0.8523    0.7476  0.009664     0.013  0.005327
   405/499        0G   0.01551   0.02655  0.006307   0.04837        23       224    0.6186    0.9063    0.8535    0.7463  0.009561   0.01292  0.005335
   406/499        0G   0.01527   0.02781  0.005772   0.04885        41       224    0.6164    0.9063    0.8523    0.7453  0.009605   0.01296  0.005362
   407/499        0G   0.01684   0.02818  0.006423   0.05144        41       224    0.6191    0.9063    0.8546    0.7415  0.009593   0.01302  0.005233
   408/499        0G   0.01493   0.02619  0.005834   0.04696        39       224    0.6125    0.9063    0.8606    0.7539  0.009495   0.01298  0.005089
   409/499        0G   0.01561   0.02725  0.005863   0.04873        24       224    0.6301    0.9063    0.8612    0.7458   0.00961   0.01301  0.005147
   410/499        0G   0.01554   0.02724  0.006179   0.04896        24       224    0.6293    0.9063    0.8601    0.7474   0.00958     0.013  0.005172
   411/499        0G    0.0155   0.02836  0.006093   0.04995        56       224    0.6303    0.9063    0.8574    0.7498  0.009526   0.01289  0.005231
   412/499        0G   0.01606   0.02692  0.005714    0.0487        34       224    0.6247    0.9063    0.8565    0.7426  0.009722    0.0128  0.005291
   413/499        0G   0.01558   0.02782  0.005909    0.0493        33       224    0.6297    0.9063      0.86    0.7539  0.009639   0.01275  0.005302
   414/499        0G   0.01667   0.02725    0.0065   0.05042        27       224    0.6283    0.9063    0.8608    0.7581  0.009557   0.01272  0.005276
   415/499        0G   0.01649   0.02804  0.006306   0.05084        20       224    0.6349    0.9063    0.8605     0.749  0.009678   0.01287  0.005213
   416/499        0G    0.0158   0.02815  0.005701   0.04965        38       224    0.6229    0.9063    0.8596    0.7502  0.009768   0.01284  0.005214
   417/499        0G    0.0166   0.02871  0.006487   0.05179        24       224    0.6335    0.9063     0.865    0.7578  0.009766   0.01289  0.005185
   418/499        0G   0.01557   0.02846  0.005694   0.04972        40       224    0.6281    0.9103    0.8708    0.7666  0.009702   0.01281  0.005187
   419/499        0G   0.01645   0.03016  0.005967   0.05257        50       224    0.6488    0.9114    0.8661    0.7574  0.009545   0.01285  0.005128
   420/499        0G   0.01476    0.0268  0.005787   0.04734        33       224    0.6491    0.9114    0.8651    0.7512  0.009515   0.01287  0.005152
   421/499        0G   0.01564   0.02713  0.006261   0.04903        35       224    0.6473    0.9104    0.8725    0.7552  0.009578   0.01282  0.005131
   422/499        0G   0.01601   0.02687   0.00623    0.0491        41       224     0.646    0.9063    0.8629    0.7545  0.009509   0.01285  0.005101
   423/499        0G   0.01539   0.02832  0.005872   0.04958        15       224    0.6354    0.9063    0.8657    0.7499   0.00964   0.01286   0.00506
   424/499        0G    0.0155   0.02672  0.006205   0.04842        28       224    0.6327    0.9063    0.8703    0.7564  0.009588   0.01267    0.0051
   425/499        0G   0.01575   0.02685   0.00585   0.04845        27       224    0.6254    0.9063    0.8668     0.767  0.009519   0.01268  0.005191
   426/499        0G   0.01585   0.02758  0.005835   0.04927        38       224    0.6325    0.9063    0.8558    0.7484  0.009777   0.01296  0.005278
   427/499        0G   0.01624   0.02814  0.006036   0.05041        31       224    0.6344    0.9063    0.8578    0.7506  0.009781   0.01301   0.00531
   428/499        0G   0.01521   0.02763  0.005946   0.04879        23       224    0.6442    0.9063    0.8571    0.7464  0.009673   0.01307  0.005286
   429/499        0G   0.01621   0.02769  0.006265   0.05017        25       224    0.6499    0.9036    0.8596     0.753  0.009546   0.01304  0.005255
   430/499        0G   0.01564   0.02701  0.006388   0.04904        38       224    0.6427    0.9063    0.8609    0.7587  0.009648   0.01294  0.005274
   431/499        0G   0.01558   0.02658  0.006075   0.04823        30       224    0.6395    0.9063    0.8646    0.7595  0.009715     0.013  0.005174
   432/499        0G   0.01569   0.02799  0.006116   0.04979        23       224    0.6368    0.9063    0.8641     0.761  0.009682    0.0131  0.005034
   433/499        0G   0.01596   0.02606  0.005949   0.04798        25       224    0.6386    0.9063    0.8656    0.7627  0.009541   0.01296  0.005029
   434/499        0G   0.01544   0.02801   0.00594   0.04939        24       224    0.6432    0.9063    0.8618    0.7621  0.009531     0.013  0.005117
   435/499        0G   0.01683   0.02862  0.006019   0.05147        18       224    0.6363    0.9063    0.8623    0.7528  0.009698   0.01305  0.005151
   436/499        0G   0.01549   0.02701  0.005616   0.04811        22       224    0.6281    0.9063    0.8615    0.7519  0.009723   0.01299  0.005282
   437/499        0G   0.01601   0.02779  0.006142   0.04993        31       224     0.621    0.9063    0.8637    0.7494  0.009693   0.01296  0.005334
   438/499        0G   0.01512   0.02821  0.005846   0.04917        36       224    0.6267    0.9063    0.8644    0.7505  0.009814   0.01298  0.005333
   439/499        0G   0.01573   0.02791  0.006059   0.04971        45       224    0.6357    0.9063    0.8617    0.7551  0.009813   0.01298  0.005291
   440/499        0G   0.01597   0.02707  0.005763   0.04881        30       224    0.6495    0.9015    0.8549    0.7502  0.009884   0.01298  0.005209
   441/499        0G   0.01519   0.02721  0.005753   0.04815        12       224    0.6554    0.9015    0.8594    0.7482  0.009835   0.01298  0.005191
   442/499        0G   0.01552   0.02658  0.005669   0.04777        26       224    0.6421    0.9015    0.8646    0.7625  0.009858   0.01293  0.005118
   443/499        0G   0.01577   0.02918  0.006191   0.05114        32       224    0.6474    0.9054    0.8672    0.7638  0.009848   0.01278  0.005102
   444/499        0G   0.01566   0.02826  0.006158   0.05007        34       224    0.6341    0.9015    0.8638    0.7599  0.009847   0.01283  0.005076
   445/499        0G   0.01622   0.02644  0.006152   0.04882        36       224    0.6346    0.9041    0.8616    0.7573  0.009934     0.013  0.005057
   446/499        0G   0.01605   0.02962  0.006025   0.05169        22       224    0.6379    0.9076    0.8608    0.7539  0.009849   0.01302  0.005081
   447/499        0G   0.01512   0.02641  0.005403   0.04693        25       224    0.6396    0.9104    0.8605    0.7633  0.009784   0.01288  0.005099
   448/499        0G   0.01636   0.02868  0.006017   0.05106        29       224    0.6329     0.905    0.8597    0.7603  0.009841   0.01289  0.005176
   449/499        0G   0.01579   0.02772  0.006201   0.04972        26       224    0.6359    0.9063    0.8613    0.7581  0.009829   0.01294  0.005213
   450/499        0G   0.01633   0.02852  0.006245    0.0511        36       224    0.6311    0.9063    0.8595    0.7537  0.009832   0.01301  0.005193
   451/499        0G   0.01575   0.02831  0.005835    0.0499        38       224    0.6273    0.9063    0.8594    0.7628  0.009828   0.01298  0.005225
   452/499        0G   0.01586   0.02751  0.006003   0.04938        27       224    0.6244    0.9084    0.8622    0.7513  0.009831    0.0129  0.005255
   453/499        0G   0.01584   0.02909   0.00598   0.05091        24       224    0.6276    0.9015    0.8598     0.758   0.00973    0.0128  0.005325
   454/499        0G   0.01544   0.02894  0.005735   0.05011        40       224    0.6387    0.9084    0.8588    0.7596  0.009649   0.01271  0.005283
   455/499        0G   0.01509   0.02665  0.005176   0.04692        24       224    0.6406    0.9069    0.8568    0.7524  0.009707   0.01272   0.00524
   456/499        0G   0.01523   0.02703  0.006194   0.04845        34       224    0.6304    0.9063    0.8603    0.7493  0.009852   0.01288  0.005221
   457/499        0G   0.01562   0.02849  0.005785   0.04989        41       224    0.6329    0.9063    0.8615    0.7579  0.009787   0.01286  0.005191
   458/499        0G   0.01546   0.02625  0.005311   0.04702        22       224    0.6355    0.9063     0.862    0.7568  0.009824   0.01289  0.005096
   459/499        0G   0.01591    0.0281  0.006429   0.05044        30       224    0.6365    0.9063    0.8667    0.7592  0.009786   0.01279  0.005017
   460/499        0G   0.01638   0.02819  0.006034   0.05061        41       224     0.636    0.9063    0.8628     0.759  0.009785   0.01282   0.00516
   461/499        0G   0.01589   0.02708  0.006196   0.04917        26       224    0.6361    0.9066    0.8643    0.7574  0.009822   0.01286  0.005219
   462/499        0G   0.01589   0.02877  0.006511   0.05117        15       224    0.6346    0.9015    0.8647    0.7518  0.009845   0.01284  0.005182
   463/499        0G   0.01606   0.02759  0.005516   0.04916        43       224    0.6303    0.9152    0.8656    0.7543  0.009718   0.01292   0.00512
   464/499        0G   0.01617   0.02937  0.006098   0.05164        27       224    0.6482    0.9152    0.8633    0.7497  0.009758   0.01301  0.005113
   465/499        0G   0.01534   0.02866  0.005721   0.04972        24       224    0.6518    0.9063    0.8632    0.7531  0.009554   0.01297  0.005141
   466/499        0G   0.01513   0.02849  0.006065   0.04968        36       224    0.6457    0.9034    0.8613    0.7523  0.009682   0.01295  0.005095
   467/499        0G    0.0156   0.02855  0.005705   0.04985        37       224    0.6435    0.9043      0.86     0.748  0.009729   0.01295  0.005135
   468/499        0G   0.01598   0.02775   0.00563   0.04936        40       224    0.6653    0.9152    0.8635    0.7572  0.009685   0.01283  0.005166
   469/499        0G    0.0151   0.02846  0.005936    0.0495        24       224     0.667    0.9152    0.8669    0.7598  0.009595   0.01272  0.005131
   470/499        0G   0.01548   0.02673  0.005607   0.04781        40       224    0.6594    0.9152    0.8653    0.7636   0.00954   0.01274  0.005037
   471/499        0G   0.01549   0.02563  0.005663   0.04678        31       224    0.6564    0.9063    0.8639    0.7572  0.009696   0.01286  0.005043
   472/499        0G   0.01606   0.02845  0.006047   0.05056        31       224     0.646    0.9063    0.8652    0.7513  0.009832   0.01291  0.005082
   473/499        0G   0.01517   0.02723  0.005322   0.04773        30       224    0.6581    0.9106    0.8629    0.7517  0.009728   0.01286  0.005091
   474/499        0G   0.01602   0.02928   0.00582   0.05112        36       224    0.6511    0.9063    0.8618      0.75   0.00968   0.01279  0.005093
   475/499        0G   0.01513   0.02743  0.005398   0.04796        42       224    0.6426    0.9026    0.8574    0.7489  0.009684   0.01287  0.005127
   476/499        0G   0.01605   0.02857  0.005517   0.05013        30       224    0.6434    0.8977    0.8606     0.752   0.00968   0.01289  0.005229
   477/499        0G   0.01576    0.0263  0.006039   0.04809        24       224     0.645    0.9063    0.8594    0.7402   0.00991   0.01299  0.005167
   478/499        0G   0.01588   0.02758  0.006199   0.04965        23       224    0.6444    0.9063    0.8601    0.7426  0.009893   0.01303   0.00504
   479/499        0G   0.01582   0.02867  0.006038   0.05052        34       224    0.6415    0.9063    0.8605      0.75  0.009768   0.01299  0.005019
   480/499        0G   0.01543   0.02696  0.006181   0.04857        32       224    0.6476    0.9055    0.8621    0.7529  0.009803   0.01299  0.005046
   481/499        0G   0.01568   0.02686  0.005486   0.04803        32       224    0.6339    0.9063    0.8577    0.7471  0.009762   0.01308  0.005065
   482/499        0G    0.0153   0.02748  0.006026   0.04881        35       224    0.6392    0.9063    0.8584    0.7501  0.009676   0.01316  0.005066
   483/499        0G   0.01583   0.02893  0.005797   0.05055        43       224    0.6474    0.9063     0.859    0.7494   0.00965   0.01315  0.005088
   484/499        0G   0.01573   0.02765  0.005986   0.04936        39       224     0.647    0.9063    0.8608    0.7508  0.009672    0.0131  0.005125
   485/499        0G   0.01519   0.02614  0.006018   0.04734        29       224    0.6438    0.9063    0.8612    0.7511  0.009727   0.01315  0.005154
   486/499        0G   0.01552    0.0275  0.005754   0.04877        34       224    0.6375    0.9063    0.8608     0.752  0.009684   0.01312  0.005203
   487/499        0G   0.01598   0.02999   0.00582   0.05179        39       224    0.6371    0.9063    0.8609    0.7503  0.009669   0.01302  0.005212
   488/499        0G   0.01482    0.0264  0.005862   0.04708        41       224    0.6362    0.9063    0.8627    0.7472  0.009681   0.01301  0.005184
   489/499        0G    0.0154   0.02516  0.005889   0.04645        23       224    0.6385    0.8983    0.8615    0.7527  0.009725   0.01298  0.005173
   490/499        0G   0.01592    0.0295  0.005662   0.05108        41       224     0.648    0.9002    0.8609     0.751  0.009774   0.01306  0.005142
   491/499        0G   0.01561   0.02793  0.005862   0.04941        28       224    0.6502    0.8973    0.8611    0.7506  0.009857   0.01311  0.005153
   492/499        0G   0.01597    0.0271  0.005669   0.04874        37       224    0.6522    0.9005    0.8609     0.756   0.00983   0.01308  0.005116
   493/499        0G   0.01552   0.02727  0.005566   0.04836        29       224    0.6533    0.9063    0.8631    0.7566  0.009795   0.01307  0.005109
   494/499        0G   0.01596      0.03  0.005868   0.05183        51       224    0.6448    0.9063     0.863     0.753  0.009805   0.01308  0.005104
   495/499        0G   0.01523   0.02846  0.005943   0.04963        39       224    0.6429    0.9063    0.8619    0.7535  0.009776   0.01305  0.005106
   496/499        0G   0.01603   0.02718  0.005809   0.04902        29       224    0.6463    0.9068    0.8633    0.7526  0.009701   0.01293  0.005051
   497/499        0G   0.01609   0.02831  0.006134   0.05053        36       224    0.6615     0.911    0.8649    0.7498  0.009647   0.01283  0.004931
   498/499        0G   0.01589   0.02749  0.006148   0.04953        41       224    0.6476     0.911    0.8635    0.7476  0.009709   0.01283  0.004925
   499/499        0G   0.01538    0.0282  0.006041   0.04961        33       224    0.6473     0.911    0.8624    0.7567  0.009606   0.01287  0.005045
